MPI_Bcast 1 144 1.199360e-02
MPI_Isend 4 27391104 5.711049e+00
MPI_Irecv 4 27391104 1.600661e+00
MPI_Bcast 4 2592 1.367755e+01
MPI_Gather 4 240 4.024252e-02
MPI_Scatter 4 912 9.618527e+00
MPI_Scatterv 4 96 1.735688e-03
MPI_Allgather 4 48 4.611064e-02
MPI_Allreduce 4 15761088 7.210750e+02
MPI_Bcast 8 1200 4.150407e-03
MPI_Gatherv 8 144 7.374280e-04
MPI_Scatterv 8 192 8.355876e-03
MPI_Bcast 16 48 4.553782e-04
MPI_Gatherv 32 48 3.204341e-04
MPI_Gatherv 40 48 1.735685e-04
MPI_Isend 64 1654 1.449581e-04
MPI_Irecv 64 1654 1.249303e-04
MPI_Bcast 64 96 3.499986e-04
MPI_Isend 80 417942 3.096082e-02
MPI_Irecv 80 417942 2.997274e-02
MPI_Allreduce 80 15840000 8.029340e+02
MPI_Isend 96 4780330 8.356491e-01
MPI_Irecv 96 4780330 3.473300e-01
MPI_Bcast 96 48 5.159388e-04
MPI_Isend 112 3749364 6.562510e-01
MPI_Irecv 112 3749364 2.715486e-01
MPI_Bcast 112 96 4.247644e-03
MPI_Isend 128 181078 3.206608e-02
MPI_Irecv 128 181078 1.310108e-02
MPI_Bcast 128 48 4.091276e-04
MPI_Isend 160 4498 9.398461e-04
MPI_Irecv 160 4600 3.929130e-04
MPI_Isend 192 2177136 4.396512e-01
MPI_Irecv 192 2175072 1.797569e-01
MPI_Isend 224 6724452 1.364979e+00
MPI_Irecv 224 6725370 5.525529e-01
MPI_Isend 256 224282 4.633831e-02
MPI_Irecv 256 225326 1.890157e-02
MPI_Isend 320 3476737 1.214196e+00
MPI_Irecv 320 3479549 3.647195e-01
MPI_Isend 384 10322 1.972913e-03
MPI_Irecv 384 9484 4.668245e-04
MPI_Isend 448 6726876 1.282509e+00
MPI_Irecv 448 6727156 3.416191e-01
MPI_Scatterv 448 3 1.337100e-03
MPI_Allgatherv 448 1 5.715800e-03
MPI_Isend 512 2399700 4.678861e-01
MPI_Irecv 512 2400258 1.225679e-01
MPI_Scatterv 512 141 6.236040e-02
MPI_Allgatherv 512 47 2.687807e-01
MPI_Isend 640 2409068 8.352111e-01
MPI_Irecv 640 2408108 2.290024e-01
MPI_Isend 768 18976569 6.207835e+00
MPI_Irecv 768 18976569 1.777881e+00
MPI_Isend 896 14996072 5.037305e+00
MPI_Irecv 896 14995501 1.424921e+00
MPI_Scatterv 896 6 6.840200e-04
MPI_Isend 1024 717877 2.474677e-01
MPI_Irecv 1024 717877 6.892223e-02
MPI_Scatterv 1024 138 2.324015e-02
MPI_Isend 1280 30196 1.347471e-02
MPI_Irecv 1280 30949 3.732684e-03
MPI_Bcast 1280 48 9.661600e-02
MPI_Scatterv 1280 2 1.609310e-04
MPI_Isend 1536 8641957 3.643535e+00
MPI_Irecv 1536 8631717 1.262268e+00
MPI_Scatterv 1536 46 4.746656e-03
MPI_Isend 1792 26698314 1.100994e+01
MPI_Irecv 1792 26703899 4.036798e+00
MPI_Isend 2048 888402 3.686285e-01
MPI_Irecv 2048 892479 1.386337e-01
MPI_Irecv 2560 1 0.000000e+00
MPI_Scatterv 2560 24 3.180030e-02
MPI_Isend 3072 40629 1.326207e-02
MPI_Irecv 3072 37303 3.161675e-03
MPI_Scatterv 3072 168 2.950189e-01
MPI_Isend 3584 26703096 9.491368e+00
MPI_Irecv 3584 26705229 2.356983e+00
MPI_Scatterv 3584 12 1.861336e-03
MPI_Isend 4096 9501459 3.516310e+00
MPI_Irecv 4096 9502652 8.118877e-01
MPI_Scatterv 4096 84 1.494030e-02
MPI_Bcast 65536 48 4.540719e-01
