0 99.980765 98.321503 96.329509 94.822360 0.076971 0.000000
1 99.983513 98.609939 92.209721 96.535817 0.064095 0.000000
2 99.983887 98.589915 79.514314 95.873329 0.065577 0.000000
3 99.983762 98.596448 93.816915 96.301360 0.064075 0.000000
4 99.983637 98.614910 93.349053 95.656936 0.065641 0.000000
5 99.983637 98.601276 93.569987 96.793092 0.064115 0.000000
6 99.983637 98.576850 93.904794 95.893294 0.065637 0.000000
7 99.983513 98.612070 92.457886 96.568523 0.064176 0.000000
8 99.983637 98.595454 93.178246 96.172817 0.065721 0.000000
9 99.983637 98.596732 86.240145 96.598757 0.064193 0.000000
10 99.983637 98.560376 86.102756 95.213883 0.065621 0.000000
11 99.983637 98.598294 93.258079 96.386738 0.064191 0.000000
12 99.981014 98.592187 94.698798 95.742694 0.065717 0.000000
13 99.983887 98.583950 94.045895 96.679001 0.064181 0.000000
14 99.981014 98.596874 87.105319 95.971637 0.065649 0.000000
15 99.983762 98.611360 93.279740 96.391302 0.064170 0.000000
16 99.983762 98.581252 92.977733 96.130794 0.065612 0.000000
17 99.980765 98.611502 93.066231 96.151520 0.064084 0.000000
18 99.983887 98.581394 94.310769 95.895957 0.065602 0.000000
19 99.983762 98.610366 92.587229 96.207805 0.064120 0.000000
20 99.980890 98.587501 93.763692 95.736610 0.065596 0.000000
21 99.983762 98.616330 93.284072 96.593623 0.064086 0.000000
22 99.983762 98.594886 93.134306 96.011759 0.065581 0.000000
23 99.981014 98.594886 94.219796 96.142203 0.064115 0.000000
24 99.983762 98.598578 86.566906 96.576319 0.065662 0.000000
25 99.983762 98.620875 86.084190 97.623484 0.064135 0.000000
26 99.983637 98.586933 87.133786 97.160465 0.065578 0.000000
27 99.982014 98.616898 91.404577 97.488097 0.064139 0.000000
28 99.982139 98.602981 85.728343 96.911557 0.065578 0.000000
29 99.983762 98.638059 86.306363 97.497794 0.064115 0.000000
30 99.960155 98.597726 92.959786 97.036296 0.065532 0.000000
31 99.939546 98.621869 85.835407 97.654289 0.064115 0.000000
32 99.928679 98.595596 93.112646 97.467180 0.065668 0.000000
33 99.896953 98.609371 92.141646 97.574235 0.064111 0.000000
34 99.877843 98.606531 91.739383 97.270563 0.065571 0.000000
35 99.854111 98.629964 84.007897 97.408613 0.064130 0.000000
36 99.834625 98.605679 90.232446 97.171114 0.065623 0.000000
37 99.833876 98.634224 91.686161 97.559594 0.064105 0.000000
38 99.821760 98.594034 85.512359 97.487146 0.065553 0.000000
39 99.810019 98.644734 90.798708 97.559594 0.064129 0.000000
40 99.794406 98.603691 92.427562 97.662275 0.065583 0.000000
41 99.771548 98.610650 92.121842 97.662656 0.064079 0.000000
42 99.767052 98.594886 91.689874 97.246224 0.065608 0.000000
43 99.646143 98.604543 90.283193 97.914417 0.064044 0.000000
44 99.628782 98.587927 84.271533 97.443221 0.065724 0.000000
45 99.624660 98.613774 90.224401 98.078708 0.064382 0.000000
46 99.597181 98.594886 84.051836 97.659994 0.066060 0.000000
47 99.580318 98.598436 90.004703 97.835504 0.065475 0.000000
48 99.994254 99.375694 94.086740 96.764760 0.066863 0.000000
49 99.992880 99.337918 92.082854 97.817439 0.064008 0.000000
50 99.994005 99.329255 90.068447 97.265619 0.065445 0.000000
51 99.994129 99.340758 92.967831 97.394352 0.063989 0.000000
52 99.993630 99.294887 94.137487 96.973166 0.065578 0.000000
53 99.993755 99.316899 94.027329 97.543050 0.064024 0.000000
54 99.993755 99.306248 93.727179 97.143542 0.065513 0.000000
55 99.991132 99.394582 89.627814 97.293191 0.064082 0.000000
56 99.991382 99.412192 91.881722 97.381992 0.065503 0.000000
57 99.958531 99.360498 94.083646 97.704489 0.064095 0.000000
58 99.994005 99.372144 92.762368 97.209144 0.065610 0.000000
59 99.994005 99.309940 94.432067 97.720652 0.064030 0.000000
60 99.988134 99.359646 93.215378 97.342440 0.065527 0.000000
61 99.985761 99.365043 92.363819 97.773514 0.064087 0.000000
62 99.976768 99.309656 94.636293 97.050938 0.065599 0.000000
63 99.961779 99.349137 94.797198 97.244702 0.064069 0.000000
64 99.939171 99.320308 94.951914 96.990470 0.065560 0.000000
65 99.928929 99.361776 93.814439 97.313157 0.064026 0.000000
66 99.911567 99.315337 93.998861 97.045804 0.065541 0.000000
67 99.889958 99.329397 95.097966 97.628809 0.064138 0.000000
68 99.870473 99.331385 93.319347 97.163127 0.065620 0.000000
69 99.777544 99.367457 91.686161 97.294142 0.064135 0.000000
70 99.758308 99.357232 91.316698 97.044092 0.065552 0.000000
71 99.754936 99.308946 92.894805 97.317530 0.064114 0.000000
72 99.729580 99.380381 90.679886 97.364498 0.065613 0.000000
73 99.719713 99.362771 90.765289 98.503316 0.064078 0.000000
74 99.708096 99.406228 90.905772 97.847483 0.065517 0.000000
75 99.696605 99.355244 90.770240 97.935523 0.064088 0.000000
76 99.682241 99.335503 91.298751 98.011014 0.065523 0.000000
77 99.668502 99.333089 90.684218 98.287304 0.064050 0.000000
78 99.662506 99.322722 92.740089 97.898824 0.065529 0.000000
79 99.641147 99.356522 91.264714 98.323813 0.064083 0.000000
80 99.624910 99.306674 92.956073 98.390176 0.065532 0.000000
81 99.603551 99.373422 90.744248 98.481829 0.064024 0.000000
82 99.598180 99.318461 92.144121 98.247943 0.065543 0.000000
83 99.595932 99.351977 89.531271 98.453687 0.064029 0.000000
84 99.581817 99.345160 90.790663 98.386943 0.065563 0.000000
85 99.577820 99.393304 90.630995 98.608280 0.064086 0.000000
86 99.541723 99.337776 91.150223 98.000936 0.065529 0.000000
87 99.527359 99.341752 91.726387 98.580328 0.064078 0.000000
88 99.492385 99.337776 84.722686 98.183861 0.065514 0.000000
89 99.475398 99.347291 91.541965 98.644789 0.064004 0.000000
90 99.466904 99.309230 90.121050 98.293389 0.065499 0.000000
91 99.455038 99.362060 89.341280 98.272092 0.064004 0.000000
92 99.443297 99.344592 92.035201 97.957011 0.065483 0.000000
93 99.422813 99.344024 90.152612 98.474413 0.064022 0.000000
94 99.415943 99.334793 89.421113 98.301375 0.065541 0.000000
95 99.311897 99.361918 89.887119 98.479737 0.065366 0.000000
96 99.985636 99.286934 94.196279 97.096004 0.068375 0.000000
97 99.992631 99.348427 91.596425 97.717610 0.064068 0.000000
98 99.993005 99.322296 91.373634 97.402338 0.065472 0.000000
99 99.993380 99.291478 91.590237 97.719511 0.064024 0.000000
100 99.993005 99.335219 91.390962 97.395873 0.065557 0.000000
101 99.992755 99.323290 91.905239 98.041628 0.064052 0.000000
102 99.993130 99.328687 91.108759 96.970504 0.065508 0.000000
103 99.999126 99.299289 85.492555 97.822954 0.064094 0.000000
104 99.993005 99.320024 92.784028 97.560544 0.065554 0.000000
105 99.993005 99.355954 92.423230 97.980209 0.064076 0.000000
106 99.993255 99.310366 92.365056 97.577848 0.065574 0.000000
107 100.000000 99.416453 84.786430 97.324756 0.064146 0.000000
108 99.995129 99.284945 79.385590 97.159514 0.065622 0.000000
109 99.960155 99.354960 91.319174 97.954539 0.064110 0.000000
110 99.970148 99.356522 92.725236 97.810974 0.065549 0.000000
111 99.955784 99.338344 92.775983 97.676157 0.064113 0.000000
112 99.937173 99.309656 92.380528 97.256682 0.065552 0.000000
113 99.917438 99.319882 91.122374 97.579179 0.064028 0.000000
114 99.906196 99.307952 93.250653 97.155331 0.065505 0.000000
115 99.891707 99.322438 90.200265 97.386556 0.064112 0.000000
116 99.884463 99.298295 85.467182 97.208574 0.065557 0.000000
117 99.711594 99.302697 91.498645 97.799755 0.064000 0.000000
118 99.696106 99.298153 85.667694 97.452158 0.065519 0.000000
119 99.661382 99.338202 92.117510 97.692129 0.064061 0.000000
120 99.618914 99.367031 92.902232 96.584876 0.065652 0.000000
121 99.605549 99.345160 91.587761 97.824475 0.064051 0.000000
122 99.586314 99.527510 91.668833 97.273225 0.065511 0.000000
123 99.571450 99.349847 90.248536 97.721222 0.064065 0.000000
124 99.547968 99.395576 84.039459 97.082503 0.065621 0.000000
125 99.541098 99.386345 78.462243 97.870872 0.064008 0.000000
126 99.517741 99.355528 90.527026 97.439608 0.065488 0.000000
127 99.514119 99.366037 79.607763 97.966138 0.064107 0.000000
128 99.508998 99.296023 85.180028 97.750506 0.065527 0.000000
129 99.479020 99.332379 83.515899 98.054368 0.064029 0.000000
130 99.474274 99.398701 94.094167 97.508253 0.065533 0.000000
131 99.456412 99.365469 90.361789 97.607512 0.064057 0.000000
132 99.433305 99.395718 91.681829 97.138217 0.065592 0.000000
133 99.432556 99.386487 78.040796 98.015767 0.064041 0.000000
134 99.413570 99.301135 79.453047 97.834363 0.065449 0.000000
135 99.401204 99.294745 91.217680 97.963286 0.064058 0.000000
136 99.390338 99.446703 91.288230 97.010245 0.065538 0.000000
137 99.382843 99.461472 90.812323 98.046001 0.064046 0.000000
138 99.316768 99.362487 91.681829 97.211236 0.065495 0.000000
139 99.303528 99.406654 90.950330 97.531641 0.063974 0.000000
140 99.302904 99.417163 91.314842 97.100758 0.065455 0.000000
141 99.177124 99.314911 91.288849 97.641929 0.064003 0.000000
142 99.161886 99.320592 90.754149 97.379140 0.065470 0.000000
143 99.162510 99.561168 83.296820 98.223223 0.065386 0.000000
144 99.996253 99.337066 94.390603 97.358413 0.066842 0.000000
145 99.996128 99.325278 90.249155 97.872773 0.063985 0.000000
146 99.996378 99.319313 93.522954 97.673494 0.065475 0.000000
147 99.996503 99.329539 92.348966 97.927917 0.064016 0.000000
148 99.995753 99.307810 93.596599 97.419452 0.065440 0.000000
149 99.990632 99.358794 92.601463 97.957201 0.064023 0.000000
150 99.991382 99.358510 92.477690 97.461285 0.065473 0.000000
151 99.995129 99.352545 92.040152 97.691369 0.064086 0.000000
152 99.993380 99.329681 92.956692 97.234624 0.065572 0.000000
153 99.996378 99.348001 92.508633 97.889126 0.064064 0.000000
154 99.996378 99.333231 93.215996 97.769521 0.065502 0.000000
155 99.991257 99.334367 93.657248 98.134802 0.064146 0.000000
156 99.996628 99.359504 92.403426 97.685094 0.065592 0.000000
157 99.996128 99.336213 93.157823 98.255358 0.064073 0.000000
158 99.996378 99.329255 93.337913 97.626527 0.065569 0.000000
159 99.996378 99.371576 91.314842 97.637936 0.064034 0.000000
160 99.983263 99.347007 92.550097 97.273035 0.065522 0.000000
161 99.969273 99.357516 93.099031 97.852617 0.064031 0.000000
162 99.947540 99.361066 93.461067 97.652388 0.065520 0.000000
163 99.934924 99.370155 92.605176 97.752788 0.063994 0.000000
164 99.931177 99.333799 91.444803 97.566819 0.065476 0.000000
165 99.827131 99.359362 92.800119 97.956440 0.064057 0.000000
166 99.822635 99.339196 92.871288 97.304600 0.065470 0.000000
167 99.810769 99.361350 92.517297 97.824665 0.064088 0.000000
168 99.793032 99.351551 91.231914 98.290727 0.065670 0.000000
169 99.774421 99.355812 90.760957 99.522149 0.064081 0.000000
170 99.768676 99.336497 91.323506 99.002084 0.065508 0.000000
171 99.756560 99.380807 91.234389 99.354815 0.064026 0.000000
172 99.735451 99.336497 91.255431 98.855477 0.065536 0.000000
173 99.721212 99.341468 90.052356 99.342646 0.064037 0.000000
174 99.705848 99.352261 90.542497 98.651825 0.065513 0.000000
175 99.695106 99.363339 89.963858 98.991816 0.064058 0.000000
176 99.684614 99.337776 90.380355 99.225893 0.065625 0.000000
177 99.666628 99.368451 90.192838 99.677503 0.064146 0.000000
178 99.649266 99.348001 89.857413 99.588512 0.065546 0.000000
179 99.628032 99.338202 90.078967 99.497239 0.064069 0.000000
180 99.620163 99.337776 89.160571 99.378584 0.065547 0.000000
181 99.586689 99.353682 91.068533 99.857386 0.064068 0.000000
182 99.565705 99.324284 88.112832 99.004176 0.065580 0.000000
183 99.543471 99.355244 89.413068 99.719526 0.064179 0.000000
184 99.535228 99.338628 90.427389 99.294157 0.065521 0.000000
185 99.524611 99.359504 89.375936 99.613992 0.064055 0.000000
186 99.531855 99.334367 90.333940 99.292256 0.065512 0.000000
187 99.497756 99.353113 89.892689 99.691574 0.063944 0.000000
188 99.491386 99.347007 91.446041 99.152304 0.065592 0.000000
189 99.361734 99.349563 90.192220 99.680735 0.064094 0.000000
190 99.345122 99.331243 89.565309 99.430876 0.065435 0.000000
191 99.339002 99.653195 89.388313 100.000000 0.065420 0.000000
192 99.882464 99.092087 74.781850 96.708285 0.068340 0.000000
193 99.881215 99.214789 85.860161 97.194883 0.064049 0.000000
194 99.882339 99.219050 87.406706 97.034204 0.065571 0.000000
195 99.882339 99.200587 85.596524 97.228920 0.064069 0.000000
196 99.882214 99.201439 93.131212 97.198876 0.065563 0.000000
197 99.881965 99.235097 93.770500 97.662085 0.064026 0.000000
198 99.882089 99.194339 93.619497 97.136126 0.065553 0.000000
199 99.881590 99.224446 93.937594 97.296043 0.064053 0.000000
200 99.882214 99.273868 91.321649 97.489047 0.065635 0.000000
201 99.873471 99.236944 86.024779 97.514147 0.064068 0.000000
202 99.882339 99.202292 93.413415 97.196214 0.065569 0.000000
203 99.882214 99.231121 94.094167 97.429149 0.064098 0.000000
204 99.881965 99.211239 92.670776 97.265239 0.065610 0.000000
205 99.881590 99.230979 92.381147 97.670072 0.064041 0.000000
206 99.881590 99.200729 94.260023 97.152289 0.065617 0.000000
207 99.881590 99.200445 91.668214 97.278169 0.064159 0.000000
208 99.881715 99.224304 92.119367 96.999787 0.065522 0.000000
209 99.881590 99.238932 94.021140 97.821813 0.063980 0.000000
210 99.882089 99.225440 93.631255 96.945784 0.065487 0.000000
211 99.882089 99.224162 92.849628 97.342821 0.064044 0.000000
212 99.878967 99.193060 93.658485 96.627280 0.065557 0.000000
213 99.742445 99.223310 92.794549 97.602758 0.064005 0.000000
214 99.707597 99.243476 94.053321 97.062157 0.065612 0.000000
215 99.690860 99.513734 89.669278 97.613787 0.064121 0.000000
216 99.656511 99.233251 93.485203 97.018232 0.065669 0.000000
217 99.630655 99.230979 93.397324 97.824855 0.064046 0.000000
218 99.614542 99.214931 93.570606 97.490949 0.065561 0.000000
219 99.593184 99.244897 93.514290 97.030211 0.064022 0.000000
220 99.575197 99.225440 86.368250 97.335975 0.065535 0.000000
221 99.556462 99.246175 91.644697 97.446073 0.064061 0.000000
222 99.538600 99.196611 92.063050 97.617209 0.065519 0.000000
223 99.532605 99.192350 91.257287 97.786444 0.064112 0.000000
224 99.507998 99.186812 93.503150 97.508633 0.065595 0.000000
225 99.491636 99.232967 92.397856 98.336363 0.064108 0.000000
226 99.471901 99.195191 93.632493 97.868590 0.065542 0.000000
227 99.449418 99.191214 92.735138 98.142218 0.064079 0.000000
228 99.441424 99.216067 90.824081 97.572144 0.065592 0.000000
229 99.418941 99.222742 93.237657 98.143930 0.064050 0.000000
230 99.391587 99.174030 86.173307 97.941608 0.065538 0.000000
231 99.378222 99.202292 92.170733 98.415846 0.064088 0.000000
232 99.373600 99.219334 92.809402 98.062355 0.065606 0.000000
233 99.357737 99.230127 91.097620 98.433721 0.064026 0.000000
234 99.357737 99.206410 84.660181 97.721222 0.065513 0.000000
235 99.341250 99.219760 91.019024 98.421931 0.064000 0.000000
236 99.346995 99.200445 93.129974 97.231962 0.065557 0.000000
237 99.341125 99.220186 92.566188 98.522712 0.064038 0.000000
238 99.337003 99.188942 91.726387 97.837595 0.065542 0.000000
239 99.318267 99.204848 85.816841 97.702588 0.065442 0.000000
240 99.912941 99.264211 92.301313 96.512999 0.066858 0.000000
241 99.912691 99.309656 90.074016 97.460715 0.064050 0.000000
242 99.912941 99.255832 92.787742 97.048276 0.065469 0.000000
243 99.913191 99.283099 91.038209 97.193171 0.064093 0.000000
244 99.912317 99.305112 91.615610 96.931523 0.065512 0.000000
245 99.912566 99.283099 91.421905 97.318671 0.064038 0.000000
246 99.912816 99.260945 91.547535 96.752019 0.065514 0.000000
247 99.912192 99.286650 84.870595 97.308593 0.064139 0.000000
248 99.912192 99.256826 91.832832 96.934565 0.065563 0.000000
249 99.912566 99.253844 91.751142 97.151718 0.064046 0.000000
250 99.913066 99.257962 92.420135 96.903570 0.065539 0.000000
251 99.912941 99.279265 91.755474 96.955292 0.064080 0.000000
252 99.913566 99.277418 91.863156 97.055501 0.065543 0.000000
253 99.895579 99.272874 91.788893 97.288437 0.064085 0.000000
254 99.866851 99.268045 91.490599 97.055882 0.065499 0.000000
255 99.852612 99.269608 91.309272 97.345863 0.064100 0.000000
256 99.846866 99.251145 85.831074 96.496646 0.065581 0.000000
257 99.835250 99.279123 90.173035 97.015379 0.064047 0.000000
258 99.824258 99.299999 90.666889 96.224349 0.065566 0.000000
259 99.812143 99.287928 91.677497 97.317530 0.064015 0.000000
260 99.791034 99.260803 92.803213 96.823326 0.065559 0.000000
261 99.660632 99.275714 90.595720 97.050748 0.064064 0.000000
262 99.650890 99.246033 84.299382 96.814009 0.065508 0.000000
263 99.637400 99.256400 90.449668 97.053790 0.064063 0.000000
264 99.624285 99.259098 90.632233 97.082503 0.065662 0.000000
265 99.602427 99.282957 90.429864 98.231209 0.064025 0.000000
266 99.586938 99.229985 84.232545 97.985153 0.065530 0.000000
267 99.570451 99.271312 85.426955 98.308601 0.064043 0.000000
268 99.550841 99.269182 91.656455 97.830179 0.065633 0.000000
269 99.518490 99.300709 90.268340 98.379337 0.064110 0.000000
270 99.505625 99.277276 89.874742 97.533543 0.065526 0.000000
271 99.484891 99.273300 85.348359 97.834173 0.064104 0.000000
272 99.462658 99.247453 90.492369 98.122823 0.065602 0.000000
273 99.447544 99.258104 91.803127 98.703356 0.064074 0.000000
274 99.423937 99.259098 91.493694 98.190897 0.065553 0.000000
275 99.409198 99.279549 89.477430 98.618738 0.064095 0.000000
276 99.382718 99.286366 90.260295 97.988386 0.065616 0.000000
277 99.369603 99.277845 89.819044 98.507880 0.064134 0.000000
278 99.294285 99.248021 85.066157 97.965757 0.065596 0.000000
279 99.282794 99.283383 89.994183 98.178157 0.064129 0.000000
280 99.288040 99.247453 89.034322 97.914987 0.065505 0.000000
281 99.264058 99.266625 90.246680 98.379528 0.063984 0.000000
282 99.252567 99.224304 84.320424 97.705250 0.065485 0.000000
283 99.254691 99.272448 90.306091 98.217518 0.064108 0.000000
284 99.235205 99.245891 90.422438 97.969561 0.065553 0.000000
285 99.153143 99.270034 88.643199 98.327806 0.064055 0.000000
286 99.139278 99.232399 89.736735 97.814777 0.065509 0.000000
287 99.132034 99.260376 88.937160 98.024895 0.065427 0.000000
288 99.993005 99.377114 95.902492 97.931340 0.068347 0.000000
289 99.992506 99.630614 84.543834 97.745182 0.064029 0.000000
290 99.993005 99.345871 92.996299 97.776176 0.065517 0.000000
291 99.993130 99.401399 91.821074 97.945221 0.064008 0.000000
292 99.992755 99.380665 91.598282 98.048473 0.065507 0.000000
293 99.993005 99.444856 91.346404 98.005499 0.064081 0.000000
294 99.992755 99.409068 92.834156 97.778268 0.065570 0.000000
295 99.992631 99.493994 90.246680 98.268859 0.064059 0.000000
296 99.993005 99.409352 92.563712 97.817059 0.065555 0.000000
297 99.992755 99.552789 91.775278 98.279318 0.064070 0.000000
298 99.992880 99.354108 92.426324 97.960243 0.065601 0.000000
299 99.993130 99.422134 91.808696 98.115787 0.064123 0.000000
300 99.993505 99.384215 93.394230 97.270753 0.065568 0.000000
301 99.993255 99.447839 90.676172 98.395690 0.064068 0.000000
302 99.993380 99.363197 93.486441 98.242048 0.065541 0.000000
303 99.972396 99.405802 91.691731 98.368499 0.064095 0.000000
304 99.956783 99.429803 93.361430 97.798234 0.065519 0.000000
305 99.925931 99.415743 92.660255 98.063686 0.064101 0.000000
306 99.878092 99.451531 93.087891 97.790438 0.065499 0.000000
307 99.895579 99.372570 91.622418 97.760584 0.064041 0.000000
308 99.883963 99.405660 92.856436 97.524415 0.065504 0.000000
309 99.795655 99.384641 92.088424 98.031360 0.064072 0.000000
310 99.776794 99.361776 86.133700 97.709243 0.065469 0.000000
311 99.771049 99.396003 91.017786 98.020141 0.064066 0.000000
312 99.754062 99.390606 90.728157 95.764562 0.065717 0.000000
313 99.715841 99.424264 84.789524 97.172635 0.064020 0.000000
314 99.707472 99.380807 91.884817 96.667402 0.065518 0.000000
315 99.697355 99.446276 91.697301 96.840440 0.064022 0.000000
316 99.680368 99.416737 90.210786 96.639069 0.065547 0.000000
317 99.669751 99.449401 90.086394 96.764379 0.064046 0.000000
318 99.642521 99.367883 91.152080 96.653711 0.065548 0.000000
319 99.634153 99.446276 89.971904 96.631653 0.064085 0.000000
320 99.613668 99.534753 90.633471 97.073566 0.065590 0.000000
321 99.599054 99.468431 89.332615 97.155141 0.064105 0.000000
322 99.586938 99.359646 84.080923 96.890450 0.065495 0.000000
323 99.561458 99.433779 89.703935 97.091440 0.064080 0.000000
324 99.546719 99.436193 90.796232 96.716271 0.065535 0.000000
325 99.516867 99.477804 89.094352 97.431051 0.064059 0.000000
326 99.503502 99.377256 91.204065 96.963088 0.065510 0.000000
327 99.490012 99.359930 90.441622 97.276648 0.064123 0.000000
328 99.481144 99.446134 89.252163 96.664169 0.065593 0.000000
329 99.487889 99.551085 88.492815 97.023746 0.064003 0.000000
330 99.460409 99.531060 89.486094 96.695354 0.065505 0.000000
331 99.438426 99.411056 90.177986 97.369062 0.063971 0.000000
332 99.427934 99.472834 83.109304 96.508435 0.065487 0.000000
333 99.280046 99.416595 84.173134 97.185375 0.064049 0.000000
334 99.271053 99.543132 89.270729 96.554452 0.065462 0.000000
335 99.265432 99.422134 89.200797 96.962707 0.065420 0.000000
336 99.994504 99.194339 89.520132 96.575369 0.066905 0.000000
337 99.990132 99.127875 86.006213 96.862878 0.064004 0.000000
338 99.971022 99.178859 90.020794 96.710566 0.065543 0.000000
339 99.994379 99.151024 89.538079 96.939319 0.063966 0.000000
340 99.994254 99.138952 90.975084 96.522506 0.065479 0.000000
341 99.994254 99.201155 83.740547 96.621575 0.064059 0.000000
342 99.994754 99.140088 91.183642 96.209136 0.065562 0.000000
343 99.994254 99.136254 86.250046 96.547226 0.064089 0.000000
344 99.987135 99.125745 90.450287 96.251921 0.065594 0.000000
345 99.990757 99.207120 89.739210 96.872576 0.064040 0.000000
346 99.994129 99.129011 91.282042 96.370385 0.065595 0.000000
347 99.994254 99.295313 89.435347 96.980962 0.064041 0.000000
348 99.989883 99.188374 90.640897 96.672346 0.065612 0.000000
349 99.993630 99.194481 90.264627 97.040289 0.064058 0.000000
350 99.968274 99.122052 91.513497 96.303071 0.065540 0.000000
351 99.946790 99.161533 90.574678 96.899197 0.064129 0.000000
352 99.928929 99.141082 91.095763 96.181945 0.065570 0.000000
353 99.904572 99.146195 86.318122 96.752400 0.064056 0.000000
354 99.894830 99.189226 90.375404 95.781295 0.065526 0.000000
355 99.882964 99.220612 89.305385 96.342623 0.064090 0.000000
356 99.862979 99.125887 84.948572 96.274168 0.065505 0.000000
357 99.741321 99.367315 84.574778 96.766851 0.063984 0.000000
358 99.729205 99.190646 91.092669 96.340151 0.065513 0.000000
359 99.721836 99.121342 85.517310 96.446256 0.064054 0.000000
360 99.695231 99.198741 89.746636 96.020696 0.065570 0.000000
361 99.680368 99.267619 87.846719 96.950918 0.064128 0.000000
362 99.657385 99.212659 89.833897 97.040670 0.065493 0.000000
363 99.644145 99.170764 83.285681 96.700869 0.064109 0.000000
364 99.626658 99.236802 86.956172 96.354412 0.065553 0.000000
365 99.610171 99.243760 88.576981 97.181382 0.063988 0.000000
366 99.592309 99.267619 82.909410 96.335017 0.065546 0.000000
367 99.578695 99.179569 88.470536 96.997125 0.064085 0.000000
368 99.562957 99.136822 89.448343 96.895584 0.065603 0.000000
369 99.553714 99.212375 87.176488 97.358984 0.064157 0.000000
370 99.532105 99.469141 87.984108 97.176058 0.065588 0.000000
371 99.524861 99.204138 75.197109 97.339968 0.064183 0.000000
372 99.509622 99.209960 88.538611 96.961567 0.065575 0.000000
373 99.496757 99.344450 89.497234 97.451968 0.064121 0.000000
374 99.478021 99.189936 88.552226 96.893302 0.065557 0.000000
375 99.448044 99.098903 85.117523 97.133083 0.064149 0.000000
376 99.435303 99.159403 84.847078 96.709806 0.065556 0.000000
377 99.414569 99.257820 88.756452 97.299846 0.064105 0.000000
378 99.397207 99.153438 83.509091 96.707144 0.065534 0.000000
379 99.390338 99.171190 89.139529 96.940079 0.064009 0.000000
380 99.374225 99.251145 87.477876 96.736237 0.065545 0.000000
381 99.216594 99.265063 86.344733 97.347004 0.064104 0.000000
382 99.212223 99.172468 88.138824 96.555212 0.065528 0.000000
383 99.209974 99.186670 82.567797 96.892161 0.065436 0.000000
384 99.954784 99.184824 96.224302 98.113505 0.068418 0.000000
385 99.954410 99.259382 92.962262 98.189186 0.064019 0.000000
386 99.955034 99.230695 94.035374 97.878858 0.065484 0.000000
387 99.955034 99.216919 93.118835 98.526134 0.064028 0.000000
388 99.954909 99.251855 92.312453 97.691939 0.065563 0.000000
389 99.955034 99.256400 92.768557 98.317158 0.064068 0.000000
390 99.954784 99.221464 94.606587 98.000555 0.065538 0.000000
391 99.954534 99.220896 86.577426 98.403106 0.064096 0.000000
392 99.954784 99.232683 93.253128 98.086314 0.065595 0.000000
393 99.954534 99.245039 92.270989 98.149824 0.064085 0.000000
394 99.954909 99.230837 92.680059 98.114266 0.065562 0.000000
395 99.955034 99.245749 93.166487 98.265437 0.064043 0.000000
396 99.954784 99.218908 88.759546 98.024134 0.065599 0.000000
397 99.954659 99.208114 94.609063 98.332940 0.064080 0.000000
398 99.889584 99.236376 88.537992 97.930770 0.065591 0.000000
399 99.902324 99.264637 92.076665 98.640606 0.064104 0.000000
400 99.881090 99.231263 93.027242 97.965757 0.065492 0.000000
401 99.870223 99.237086 93.254985 98.143359 0.064041 0.000000
402 99.847491 99.507486 91.853873 97.875055 0.065505 0.000000
403 99.843744 99.219618 86.625698 98.182340 0.064010 0.000000
404 99.843744 99.233677 86.940081 97.779029 0.065557 0.000000
405 99.731828 99.260376 91.423762 98.276085 0.064035 0.000000
406 99.722336 99.211097 91.355068 98.042008 0.065496 0.000000
407 99.699853 99.272590 92.612603 98.504077 0.064105 0.000000
408 99.682616 99.229417 93.532856 96.715320 0.065628 0.000000
409 99.668252 99.239216 85.680071 97.978117 0.064080 0.000000
410 99.649641 99.218908 92.195487 97.402148 0.065513 0.000000
411 99.646019 99.261087 90.205835 97.809643 0.064082 0.000000
412 99.610670 99.250435 91.111235 97.865357 0.065561 0.000000
413 99.594308 99.239642 92.374958 98.191087 0.064054 0.000000
414 99.568203 99.225156 92.938126 97.588497 0.065535 0.000000
415 99.553589 99.248873 92.318641 98.104188 0.064043 0.000000
416 99.546344 99.184966 88.076318 97.917079 0.065651 0.000000
417 99.519989 99.219618 92.191774 98.472512 0.064089 0.000000
418 99.510871 99.223452 93.380615 98.172072 0.065552 0.000000
419 99.497381 99.228139 90.254106 97.964807 0.064071 0.000000
420 99.481393 99.199593 95.810281 97.870111 0.065593 0.000000
421 99.478770 99.246033 91.879866 98.504077 0.063979 0.000000
422 99.433430 99.201724 93.009914 97.835123 0.065516 0.000000
423 99.400955 99.237086 86.734618 98.415846 0.064109 0.000000
424 99.382219 99.244755 90.836459 97.664367 0.065512 0.000000
425 99.349868 99.235239 86.190016 97.978307 0.064025 0.000000
426 99.330383 99.233819 92.040152 97.773514 0.065478 0.000000
427 99.316019 99.243476 89.755919 98.163515 0.063974 0.000000
428 99.224588 99.235097 85.107621 97.968229 0.065467 0.000000
429 99.217719 99.253418 89.734878 98.481639 0.064073 0.000000
430 99.207976 99.189226 86.827448 97.980019 0.065486 0.000000
431 99.196360 99.228281 85.524117 97.938566 0.065475 0.000000
432 99.952911 99.278413 96.214400 96.982293 0.066825 0.000000
433 99.951412 99.304118 92.671395 97.407282 0.063973 0.000000
434 99.952786 99.340900 93.565655 97.080601 0.065492 0.000000
435 99.952661 99.385351 85.289567 97.445693 0.063974 0.000000
436 99.952661 99.295313 90.003466 97.235195 0.065502 0.000000
437 99.952536 99.393588 90.629139 97.575186 0.064029 0.000000
438 99.947040 99.339054 93.161536 97.207052 0.065441 0.000000
439 99.952161 99.590139 89.585113 97.708672 0.064067 0.000000
440 99.950912 99.447981 89.187801 97.330651 0.065552 0.000000
441 99.952161 99.459626 90.738678 97.763436 0.064049 0.000000
442 99.952911 99.406654 87.503868 97.397965 0.065472 0.000000
443 99.953036 99.334935 91.346404 97.807171 0.064095 0.000000
444 99.951911 99.616697 91.742478 97.311065 0.065624 0.000000
445 99.951412 99.402109 87.206812 97.829799 0.064021 0.000000
446 99.951162 99.353113 91.809315 96.774647 0.065553 0.000000
447 99.951787 99.431081 90.564158 97.236906 0.064000 0.000000
448 99.946166 99.323290 93.090986 96.954721 0.065602 0.000000
449 99.951911 99.337350 88.193284 97.075087 0.064049 0.000000
450 99.946041 99.319882 89.549837 97.016901 0.065555 0.000000
451 99.951911 99.355954 92.102657 97.715708 0.064002 0.000000
452 99.951287 99.383647 87.381951 97.092581 0.065503 0.000000
453 99.846866 99.593548 90.746104 97.495703 0.064054 0.000000
454 99.838997 99.316757 93.030337 96.855272 0.065561 0.000000
455 99.827006 99.364191 91.874296 97.462806 0.064040 0.000000
456 99.819637 99.597808 88.840617 96.162739 0.065657 0.000000
457 99.815765 99.412050 90.537547 97.638316 0.064052 0.000000
458 99.820386 99.436619 91.621799 97.349666 0.065511 0.000000
459 99.800776 99.365895 92.553810 97.758302 0.063984 0.000000
460 99.795155 99.421566 85.952372 97.352518 0.065529 0.000000
461 99.795280 99.396855 92.088424 97.711144 0.064048 0.000000
462 99.770549 99.389612 87.350389 97.023936 0.065495 0.000000
463 99.776794 99.350841 87.133167 97.310495 0.064046 0.000000
464 99.763305 99.370155 91.140940 97.740998 0.065525 0.000000
465 99.758808 99.397991 90.147661 98.082891 0.064071 0.000000
466 99.744819 99.425258 91.625512 96.410507 0.065480 0.000000
467 99.725833 99.427246 84.411397 97.739477 0.064001 0.000000
468 99.718464 99.373564 89.032466 97.638887 0.065589 0.000000
469 99.705099 99.418725 91.899670 97.794431 0.064066 0.000000
470 99.689735 99.427814 88.573886 97.456531 0.065511 0.000000
471 99.660008 99.451531 91.052443 97.616639 0.064121 0.000000
472 99.626658 99.442016 85.238820 97.128710 0.065547 0.000000
473 99.606673 99.377256 90.970134 97.755450 0.063974 0.000000
474 99.607673 99.341042 90.454619 97.597624 0.065513 0.000000
475 99.597430 99.449259 88.564603 97.628619 0.064021 0.000000
476 99.571075 99.367315 85.733913 97.107983 0.065508 0.000000
477 99.552465 99.397565 90.332083 97.453679 0.064042 0.000000
478 99.528108 99.460052 83.100021 97.410515 0.065523 0.000000
479 99.524611 99.553357 86.846633 97.841398 0.065418 0.000000
480 99.914440 98.585513 93.549565 96.118624 0.068268 0.000000
481 99.913940 98.616046 90.002847 96.651429 0.064092 0.000000
482 99.912317 98.513368 93.355241 95.459368 0.065560 0.000000
483 99.914815 98.531546 92.095231 96.613019 0.064051 0.000000
484 99.913815 98.495190 94.231555 96.196777 0.065565 0.000000
485 99.914065 98.518623 93.271075 96.674057 0.064045 0.000000
486 99.876719 99.191356 88.635773 96.242413 0.065535 0.000000
487 99.905697 98.529558 92.173208 96.478581 0.064076 0.000000
488 99.912566 98.563926 91.199733 96.334066 0.065608 0.000000
489 99.906821 98.588353 90.487418 96.634696 0.064160 0.000000
490 99.906321 98.528422 93.531618 96.447016 0.065558 0.000000
491 99.914440 98.586933 92.303789 96.973356 0.064067 0.000000
492 99.915064 98.540919 92.857054 96.461658 0.065595 0.000000
493 99.914815 98.567192 92.661493 96.892922 0.064069 0.000000
494 99.915189 98.537227 92.773508 96.580503 0.065539 0.000000
495 99.905821 98.593181 92.215291 96.990850 0.064142 0.000000
496 99.909818 98.541345 93.790304 95.798219 0.065578 0.000000
497 99.910318 98.544044 93.875088 96.707334 0.064115 0.000000
498 99.894205 98.502717 93.982152 96.219975 0.065525 0.000000
499 99.876344 98.527996 94.702511 96.719123 0.064084 0.000000
500 99.850988 98.497320 94.455584 96.039901 0.065539 0.000000
501 99.713343 98.579690 91.038828 96.865920 0.064063 0.000000
502 99.693358 98.487095 93.967299 95.136301 0.065540 0.000000
503 99.669751 98.566056 91.643459 96.610737 0.064120 0.000000
504 99.659134 98.537085 92.824255 95.416394 0.065616 0.000000
505 99.646643 98.580684 91.037590 96.627090 0.064093 0.000000
506 99.625035 98.507829 95.724877 96.258766 0.065547 0.000000
507 99.612919 98.517202 93.431362 96.099799 0.064045 0.000000
508 99.586064 98.501155 92.910896 96.003582 0.065583 0.000000
509 99.560209 98.524303 90.699689 96.682804 0.064017 0.000000
510 99.548842 98.509534 94.335524 96.307445 0.065558 0.000000
511 99.532480 98.566056 91.461513 96.601419 0.064085 0.000000
512 99.510122 98.562222 90.605003 96.872956 0.065571 0.000000
513 99.506749 98.519759 93.477158 96.719503 0.064053 0.000000
514 99.490137 98.496752 94.792247 96.477250 0.065516 0.000000
515 99.471776 99.265205 90.421200 97.133654 0.064090 0.000000
516 99.458286 98.562648 92.011684 96.502921 0.065550 0.000000
517 99.447169 98.528706 92.682534 97.087447 0.064021 0.000000
518 99.419066 98.498030 94.045895 96.689079 0.065573 0.000000
519 99.407200 98.517629 92.959786 96.753541 0.064044 0.000000
520 99.393585 98.507403 93.093461 96.783585 0.065495 0.000000
521 99.384092 98.522883 91.952273 96.830742 0.064028 0.000000
522 99.328010 98.487663 92.423849 96.440931 0.065456 0.000000
523 99.316144 98.510102 90.894632 96.574228 0.063973 0.000000
524 99.289789 98.500445 93.000631 96.573657 0.065484 0.000000
525 99.192238 98.557677 90.485562 97.241850 0.064023 0.000000
526 99.195361 98.511664 91.680591 96.408606 0.065510 0.000000
527 99.179373 98.503143 92.535863 97.108173 0.065339 0.000000
528 99.945042 99.074050 92.961024 97.007203 0.066835 0.000000
529 99.944542 99.067092 89.882787 97.830750 0.064085 0.000000
530 99.945042 99.063541 90.470090 97.226828 0.065478 0.000000
531 99.945292 99.075187 80.531729 97.549515 0.064046 0.000000
532 99.944542 99.068654 86.777320 97.516239 0.065526 0.000000
533 99.944667 99.105010 85.136707 97.681861 0.063984 0.000000
534 99.945292 99.060133 84.918867 97.304980 0.065531 0.000000
535 99.944792 99.100608 85.477083 97.263718 0.064084 0.000000
536 99.943668 99.098903 88.541086 97.052269 0.065599 0.000000
537 99.942669 99.114383 90.445336 97.553128 0.064172 0.000000
538 99.944917 99.063399 87.933361 97.270563 0.065479 0.000000
539 99.941170 99.098335 88.265072 97.835123 0.064059 0.000000
540 99.941544 99.066666 83.972621 97.486385 0.065591 0.000000
541 99.943043 99.095779 90.958994 97.850145 0.064054 0.000000
542 99.944042 99.069506 91.738764 97.257823 0.065538 0.000000
543 99.939046 99.082855 86.040870 97.765908 0.064130 0.000000
544 99.944167 99.006592 89.161190 96.753921 0.065542 0.000000
545 99.940545 99.040392 87.531098 97.369062 0.064120 0.000000
546 99.942918 99.022640 86.636218 96.763809 0.065484 0.000000
547 99.931552 99.034002 82.368522 97.399296 0.064022 0.000000
548 99.900201 99.043659 90.116718 96.798797 0.065522 0.000000
549 99.773922 99.047777 86.878195 97.425156 0.064059 0.000000
550 99.745443 99.033576 92.800738 96.916881 0.065531 0.000000
551 99.721212 99.048487 91.330932 97.300987 0.064035 0.000000
552 99.690984 99.056866 91.527731 96.171486 0.065631 0.000000
553 99.669376 99.073056 90.660082 97.537916 0.064057 0.000000
554 99.639773 99.018238 92.767319 96.775218 0.065508 0.000000
555 99.622911 99.043091 91.712772 97.515288 0.064053 0.000000
556 99.604425 99.033292 90.951568 97.113308 0.065525 0.000000
557 99.587938 99.068228 90.951568 97.359934 0.064004 0.000000
558 99.566204 99.039540 91.293800 97.000167 0.065520 0.000000
559 99.553339 99.055162 89.601203 97.065199 0.064077 0.000000
560 99.530231 99.030593 90.367359 97.238998 0.065561 0.000000
561 99.519739 99.065955 89.478668 97.738526 0.064084 0.000000
562 99.488763 99.046215 85.068013 97.526127 0.065543 0.000000
563 99.482643 99.048345 90.629139 97.764767 0.064101 0.000000
564 99.454414 99.041955 90.069065 97.098666 0.065548 0.000000
565 99.430432 99.051044 91.418192 97.904719 0.064118 0.000000
566 99.420190 99.028889 86.266756 96.977349 0.065529 0.000000
567 99.398956 99.045221 89.596871 97.629950 0.064161 0.000000
568 99.380970 99.052890 85.367544 97.331602 0.065583 0.000000
569 99.297533 99.045363 86.311314 97.241089 0.064061 0.000000
570 99.293661 99.039256 89.422351 97.340539 0.065496 0.000000
571 99.276799 99.049624 85.786516 97.360505 0.064034 0.000000
572 99.118419 99.019800 89.678561 97.555220 0.065577 0.000000
573 99.112299 99.041955 90.414392 97.460715 0.064043 0.000000
574 99.109176 99.019090 86.638694 96.965179 0.065554 0.000000
575 99.100682 99.051470 83.843897 97.957011 0.065399 0.000000
576 99.995628 99.493284 92.944933 98.497231 0.068327 0.000000
577 99.995254 99.528646 93.170200 99.064074 0.064046 0.000000
578 99.995628 99.505071 94.105925 98.688524 0.065534 0.000000
579 99.996003 99.514871 93.375664 98.633760 0.064027 0.000000
580 99.995254 99.507628 94.058891 98.872781 0.065583 0.000000
581 99.995379 99.563724 92.571757 99.056277 0.064059 0.000000
582 99.976893 99.554635 92.563093 98.390366 0.065601 0.000000
583 99.995254 99.550517 93.147302 98.827525 0.064086 0.000000
584 99.995254 99.517569 93.895511 98.684721 0.065554 0.000000
585 99.995254 99.543416 93.682002 99.214864 0.064063 0.000000
586 99.995628 99.537025 93.496961 98.713434 0.065567 0.000000
587 99.995503 99.533759 93.379996 99.033079 0.064078 0.000000
588 99.995878 99.530492 93.168344 98.794438 0.065619 0.000000
589 99.995878 99.532623 94.338618 99.259740 0.064082 0.000000
590 99.991382 99.462750 88.565222 98.761352 0.065591 0.000000
591 99.976518 99.528078 92.722142 99.251183 0.064134 0.000000
592 99.962778 99.527084 94.501380 98.505978 0.065530 0.000000
593 99.940045 99.556766 91.989405 99.156107 0.064048 0.000000
594 99.928929 99.515581 87.515007 98.489625 0.065529 0.000000
595 99.897203 99.541286 93.029718 98.759451 0.064003 0.000000
596 99.886211 99.540008 92.202295 98.256880 0.065517 0.000000
597 99.791158 99.551937 92.727093 98.931348 0.064000 0.000000
598 99.781416 99.508054 94.687659 98.645740 0.065484 0.000000
599 99.769175 99.552079 93.250653 99.038593 0.064094 0.000000
600 99.748316 99.540150 86.782890 97.906810 0.065578 0.000000
601 99.745568 99.554777 84.417586 98.520620 0.064043 0.000000
602 99.717964 99.521119 86.541532 98.251175 0.065471 0.000000
603 99.711344 99.521261 86.427042 98.188996 0.064031 0.000000
604 99.688736 99.526942 92.539576 97.993520 0.065551 0.000000
605 99.675371 99.559180 91.783323 98.607519 0.064068 0.000000
606 99.663380 99.531060 92.541433 98.368118 0.065510 0.000000
607 99.660757 99.964780 92.497494 98.817447 0.064018 0.000000
608 99.646143 99.545404 88.050326 98.714385 0.065618 0.000000
609 99.633153 99.552363 92.084710 99.154776 0.064074 0.000000
610 99.617041 99.518421 93.100887 98.702975 0.065523 0.000000
611 99.597805 99.692392 90.955900 98.671030 0.064004 0.000000
612 99.586064 99.512882 90.075873 98.718188 0.065528 0.000000
613 99.579069 99.538303 90.113624 99.075673 0.064033 0.000000
614 99.562457 99.535889 91.462132 98.781508 0.065477 0.000000
615 99.546719 99.559606 84.720211 99.014634 0.064078 0.000000
616 99.530107 99.541570 84.725162 96.031725 0.065521 0.000000
617 99.513369 99.543132 91.873058 99.033079 0.064003 0.000000
618 99.496382 99.559180 91.420668 98.532980 0.065571 0.000000
619 99.491261 99.549807 91.317936 98.440756 0.064004 0.000000
620 99.482018 99.550943 84.701026 98.451975 0.065508 0.000000
621 99.468778 99.541144 88.916738 98.973181 0.064069 0.000000
622 99.447919 99.542422 87.433936 98.436193 0.065477 0.000000
623 99.438801 99.534043 90.333940 98.827715 0.065385 0.000000
624 99.930927 99.609028 92.128650 97.565298 0.066829 0.000000
625 99.930678 99.533333 91.653980 98.005499 0.064004 0.000000
626 99.931052 99.539724 85.474608 97.640028 0.065472 0.000000
627 99.931052 99.502799 90.186650 98.099244 0.064009 0.000000
628 99.930803 99.602779 91.148367 97.666269 0.065508 0.000000
629 99.930678 99.760844 92.039533 98.109702 0.064030 0.000000
630 99.930927 99.591134 85.754335 97.609223 0.065511 0.000000
631 99.930428 99.562446 91.023356 98.103047 0.064039 0.000000
632 99.930678 99.551369 92.464075 97.468131 0.065578 0.000000
633 99.930678 99.615703 91.293181 97.645162 0.064088 0.000000
634 99.930927 99.755305 90.109911 97.756210 0.065514 0.000000
635 99.931052 99.596246 90.664414 98.039726 0.064054 0.000000
636 99.930428 99.567133 92.951741 97.795382 0.065520 0.000000
637 99.929928 99.679468 89.978711 98.062735 0.064039 0.000000
638 99.930053 99.617265 89.226789 97.656381 0.065557 0.000000
639 99.926181 99.582329 92.378671 97.377618 0.064091 0.000000
640 99.929928 99.791093 90.151993 96.950728 0.065517 0.000000
641 99.920310 99.597524 91.457800 97.613216 0.064042 0.000000
642 99.913066 99.579204 91.217061 97.066530 0.065538 0.000000
643 99.890083 99.632603 89.648856 97.871442 0.064080 0.000000
644 99.840371 99.542706 86.701818 97.422304 0.065565 0.000000
645 99.746193 99.598660 85.834788 97.971462 0.064104 0.000000
646 99.735076 99.558470 92.417041 97.306882 0.065568 0.000000
647 99.716965 99.780158 90.556731 97.707341 0.064082 0.000000
648 99.713343 99.762406 89.606773 96.524598 0.065673 0.000000
649 99.700477 99.619111 89.502185 97.636225 0.064049 0.000000
650 99.691859 99.890079 88.572649 97.391880 0.065546 0.000000
651 99.677495 99.780584 89.853700 97.691178 0.064071 0.000000
652 99.660632 99.911950 88.381419 97.399866 0.065568 0.000000
653 99.647393 99.629904 89.891451 97.777697 0.064022 0.000000
654 99.631779 99.735423 88.901266 97.290719 0.065486 0.000000
655 99.624660 100.000000 88.886413 97.648775 0.064164 0.000000
656 99.608797 99.611158 90.262151 97.456912 0.065501 0.000000
657 99.594183 99.595536 89.365415 98.188045 0.064016 0.000000
658 99.577071 99.548245 89.920538 97.831891 0.065536 0.000000
659 99.556836 99.618827 89.839466 98.015767 0.064076 0.000000
660 99.541848 99.791803 89.289295 97.570812 0.065550 0.000000
661 99.534353 99.637147 88.742218 98.138415 0.064064 0.000000
662 99.500504 99.667397 80.994022 97.570622 0.065527 0.000000
663 99.493759 99.744086 81.467454 97.896352 0.064111 0.000000
664 99.471401 99.919761 88.890745 97.371343 0.065535 0.000000
665 99.462783 99.847190 88.304680 97.999034 0.064000 0.000000
666 99.446420 99.558470 90.094439 97.195263 0.065493 0.000000
667 99.426310 99.542990 83.100640 98.073003 0.064013 0.000000
668 99.411447 99.907405 81.663634 97.184995 0.065571 0.000000
669 99.253816 99.834408 87.383189 98.131380 0.063996 0.000000
670 99.238578 99.649787 88.948300 97.818390 0.065467 0.000000
671 99.240951 99.575796 88.680950 97.988195 0.065384 0.000000
672 99.911442 99.519841 91.291325 97.482202 0.068358 0.000000
673 99.912317 99.512740 85.673883 97.506541 0.064112 0.000000
674 99.912566 99.470135 92.451698 97.058544 0.065553 0.000000
675 99.912566 99.486041 92.365056 97.364498 0.064112 0.000000
676 99.912192 99.502941 91.250480 97.189558 0.065540 0.000000
677 99.911942 99.487319 92.029012 97.717419 0.064016 0.000000
678 99.912566 99.796916 92.158355 97.170163 0.065537 0.000000
679 99.911442 99.923169 85.600238 97.770472 0.064090 0.000000
680 99.903323 99.815236 84.006659 97.567390 0.065610 0.000000
681 99.912317 99.523676 90.991794 98.053227 0.064065 0.000000
682 99.912691 99.748630 86.200537 97.295473 0.065546 0.000000
683 99.912317 99.677054 85.990742 97.576137 0.064120 0.000000
684 99.911942 99.630472 92.863243 97.237857 0.065588 0.000000
685 99.911067 99.501663 84.714641 97.218461 0.064083 0.000000
686 99.911067 99.522824 92.542671 97.650866 0.065498 0.000000
687 99.911317 99.917062 92.550097 97.882471 0.064163 0.000000
688 99.898577 99.538445 89.575211 97.044473 0.065531 0.000000
689 99.911067 99.481213 92.452316 97.791579 0.064060 0.000000
690 99.901075 99.654189 92.663350 97.202299 0.065538 0.000000
691 99.883214 99.710002 91.879866 97.494562 0.064024 0.000000
692 99.881090 99.495698 93.625685 97.110265 0.065514 0.000000
693 99.737074 99.617407 92.627455 97.030972 0.064071 0.000000
694 99.724459 99.676344 93.206713 97.210855 0.065546 0.000000
695 99.700227 99.481213 84.774052 97.757351 0.064080 0.000000
696 99.656885 99.676202 85.013553 96.514330 0.065636 0.000000
697 99.605050 99.613288 89.085069 97.529930 0.064055 0.000000
698 99.610920 99.752039 90.396445 97.370583 0.065587 0.000000
699 99.597306 99.857699 90.486800 97.424586 0.064067 0.000000
700 99.577071 99.501379 83.915067 97.130421 0.065601 0.000000
701 99.558835 99.773625 91.296895 97.703158 0.064011 0.000000
702 99.549342 99.622661 91.356924 96.991230 0.065531 0.000000
703 99.534103 99.644674 91.429951 97.516619 0.064141 0.000000
704 99.514119 99.714404 91.891005 97.738526 0.065572 0.000000
705 99.493259 99.985088 89.666803 98.146782 0.064033 0.000000
706 99.467529 99.799188 90.608097 97.634703 0.065518 0.000000
707 99.451291 99.511888 90.683599 98.119970 0.064074 0.000000
708 99.443048 99.691682 89.903209 97.762485 0.065603 0.000000
709 99.408699 99.542706 89.940341 97.921072 0.064082 0.000000
710 99.404452 99.521687 90.585199 97.685664 0.065543 0.000000
711 99.383843 99.900304 83.208941 98.024705 0.064083 0.000000
712 99.375349 99.740393 91.572909 97.336165 0.065492 0.000000
713 99.366730 99.851166 90.034409 98.170741 0.064022 0.000000
714 99.338627 99.812964 90.332083 97.338637 0.065511 0.000000
715 99.321640 99.703753 93.180721 98.325524 0.064012 0.000000
716 99.284918 99.633881 83.200896 97.570622 0.065516 0.000000
717 99.180247 99.708013 89.601822 98.051326 0.064009 0.000000
718 99.169505 99.957111 89.033085 97.623294 0.065536 0.000000
719 99.176375 99.785271 88.648150 97.998464 0.065390 0.000000
720 99.993130 99.416737 90.530120 97.701827 0.066876 0.000000
721 99.991881 99.441732 89.367272 98.306890 0.064029 0.000000
722 99.992880 99.435341 92.711002 98.094870 0.065501 0.000000
723 99.992755 99.439318 88.223608 98.233491 0.064063 0.000000
724 99.992631 99.411198 92.018492 98.069961 0.065520 0.000000
725 99.992631 99.460194 88.545419 98.395120 0.064042 0.000000
726 99.992631 99.417163 94.023616 97.578228 0.065541 0.000000
727 99.992131 99.434489 91.903383 98.183861 0.064089 0.000000
728 99.987884 99.613714 88.281163 97.812685 0.065539 0.000000
729 99.992631 99.436193 89.059077 98.421361 0.064093 0.000000
730 99.992880 99.395150 94.430829 98.113886 0.065520 0.000000
731 99.993005 99.433779 91.077197 98.224174 0.064157 0.000000
732 99.993755 99.435057 93.077989 97.952447 0.065582 0.000000
733 99.993130 99.454797 90.283193 98.476125 0.064096 0.000000
734 99.993630 99.441590 93.183197 98.144120 0.065547 0.000000
735 99.971022 99.430229 89.602441 98.239386 0.064123 0.000000
736 99.952411 99.444856 93.245083 97.480490 0.065546 0.000000
737 99.933176 99.471697 92.119986 98.359562 0.064023 0.000000
738 99.927555 99.404666 87.831248 97.888746 0.065493 0.000000
739 99.914190 99.457496 93.526048 98.429537 0.064014 0.000000
740 99.899451 99.441306 92.604557 97.887035 0.065522 0.000000
741 99.764054 99.438324 91.129801 98.387324 0.064026 0.000000
742 99.747816 99.441164 91.939896 97.552558 0.065516 0.000000
743 99.733702 99.449259 87.959972 98.285783 0.064047 0.000000
744 99.713967 99.471697 90.803659 96.683565 0.065635 0.000000
745 99.692109 99.460478 91.707821 97.791769 0.064051 0.000000
746 99.657260 99.478088 89.835134 97.810594 0.065482 0.000000
747 99.628657 99.447981 90.912579 98.129668 0.064020 0.000000
748 99.617790 99.443436 90.345698 97.783972 0.065522 0.000000
749 99.596806 99.451531 91.186736 98.172072 0.063955 0.000000
750 99.583441 99.432217 91.068533 97.601617 0.065506 0.000000
751 99.571200 99.479082 89.657520 97.744421 0.064103 0.000000
752 99.560958 99.448265 90.416249 97.865357 0.065597 0.000000
753 99.538475 99.465023 85.706064 98.591737 0.064087 0.000000
754 99.529232 99.419435 89.093733 97.906050 0.065567 0.000000
755 99.508123 99.438750 90.626044 98.398162 0.064079 0.000000
756 99.476147 99.455366 90.673078 97.853188 0.065607 0.000000
757 99.450667 99.426678 85.652222 98.247562 0.064022 0.000000
758 99.435303 99.699634 88.789252 97.900345 0.065551 0.000000
759 99.432805 99.435199 91.095144 98.142218 0.064145 0.000000
760 99.411821 99.427388 90.619237 98.125485 0.065551 0.000000
761 99.403203 99.455082 87.938930 98.182721 0.064015 0.000000
762 99.386715 99.419009 91.734432 97.791579 0.065487 0.000000
763 99.369354 99.422134 91.604471 98.020141 0.064082 0.000000
764 99.355614 99.441306 92.321736 98.131189 0.065504 0.000000
765 99.223089 99.461046 90.397064 98.364315 0.064042 0.000000
766 99.213846 99.424264 85.879965 97.880379 0.065524 0.000000
767 99.211473 99.433353 91.043779 98.502175 0.065449 0.000000
768 99.823884 99.049908 95.412350 96.748216 0.068343 0.000000
769 99.822260 99.105436 90.967039 97.547994 0.064100 0.000000
770 99.823884 99.107566 90.816655 96.832644 0.065501 0.000000
771 99.824009 99.140798 91.614991 97.361265 0.064031 0.000000
772 99.821510 99.035564 91.064201 96.594574 0.065547 0.000000
773 99.823884 99.161107 90.062877 97.218461 0.064082 0.000000
774 99.821510 99.201013 92.147216 96.179663 0.065532 0.000000
775 99.823634 99.171616 89.688463 97.278930 0.064088 0.000000
776 99.823259 99.186954 92.366294 97.203059 0.065590 0.000000
777 99.821510 99.131851 90.322800 97.310305 0.064080 0.000000
778 99.823384 99.201724 92.500588 96.881703 0.065609 0.000000
779 99.823634 99.153154 90.639659 97.359174 0.064136 0.000000
780 99.791034 99.209534 92.111322 96.713038 0.065677 0.000000
781 99.822010 99.225724 91.438615 97.358033 0.064111 0.000000
782 99.822510 99.152586 92.260468 97.140880 0.065537 0.000000
783 99.822884 99.131993 91.555580 97.565108 0.064150 0.000000
784 99.816140 99.202292 91.847685 97.015189 0.065622 0.000000
785 99.822135 99.125887 91.620561 97.272084 0.064040 0.000000
786 99.823134 99.124324 92.127412 96.327411 0.065527 0.000000
787 99.799277 99.148325 90.819130 97.042951 0.064069 0.000000
788 99.780666 99.094075 91.847066 96.474968 0.065527 0.000000
789 99.583691 99.190078 92.629312 97.089729 0.063990 0.000000
790 99.554963 99.078595 91.729482 96.829031 0.065551 0.000000
791 99.535852 99.104442 90.552399 96.846525 0.064087 0.000000
792 99.517116 99.195617 92.459124 96.294895 0.065684 0.000000
793 99.494134 99.204422 90.340128 96.964229 0.064113 0.000000
794 99.479020 99.120490 90.520837 96.890450 0.065616 0.000000
795 99.436303 99.212233 91.212110 97.030592 0.064142 0.000000
796 99.430807 99.094785 90.556731 96.937037 0.065588 0.000000
797 99.406450 99.236944 89.806048 97.348905 0.064074 0.000000
798 99.383967 99.199025 90.555494 97.188608 0.065532 0.000000
799 99.367230 99.184681 88.356046 97.401197 0.064090 0.000000
800 99.346121 99.229133 90.980035 97.433713 0.065586 0.000000
801 99.345497 99.142503 89.825232 96.908134 0.064106 0.000000
802 99.319641 99.243903 90.277623 97.584884 0.065584 0.000000
803 99.306776 99.126171 88.752738 97.652197 0.064096 0.000000
804 99.299906 99.132703 87.833104 97.049987 0.065557 0.000000
805 99.294910 99.151734 89.989851 97.724835 0.064105 0.000000
806 99.296409 99.188232 89.505279 97.391499 0.065605 0.000000
807 99.277673 99.202576 90.096295 97.872773 0.064100 0.000000
808 99.266307 99.204706 89.364796 97.323425 0.065552 0.000000
809 99.220092 99.112963 88.247744 98.034973 0.064022 0.000000
810 99.218468 99.214505 88.669192 97.189368 0.065542 0.000000
811 99.209974 99.135970 89.828327 97.704299 0.064033 0.000000
812 99.194236 99.213085 90.113624 97.611315 0.065497 0.000000
813 99.089066 99.142503 90.364883 97.555030 0.064034 0.000000
814 99.088941 99.124324 90.619237 95.428374 0.065582 0.000000
815 99.075452 99.133981 90.619237 97.645922 0.065416 0.000000
816 99.874470 99.150739 95.296622 96.982103 0.066844 0.000000
817 99.898702 99.111117 92.875620 97.486765 0.063963 0.000000
818 99.898702 99.128301 92.663350 97.246794 0.065473 0.000000
819 99.892582 99.173604 92.840345 97.240329 0.063923 0.000000
820 99.898702 99.115803 93.538425 97.373815 0.065457 0.000000
821 99.898327 99.169202 92.641070 97.951116 0.063973 0.000000
822 99.898952 99.097909 92.358868 97.149817 0.065465 0.000000
823 99.897703 99.113105 94.294679 97.803178 0.063980 0.000000
824 99.896079 99.099187 93.194336 97.024317 0.065540 0.000000
825 99.898827 99.163947 92.314928 97.444171 0.064036 0.000000
826 99.898952 99.139378 91.909571 96.915170 0.065457 0.000000
827 99.898577 99.185108 91.691112 97.450446 0.064026 0.000000
828 99.898702 99.135970 93.845383 96.977729 0.065499 0.000000
829 99.897952 99.151308 92.654067 97.266190 0.064033 0.000000
830 99.898202 99.104584 92.626218 96.982483 0.065518 0.000000
831 99.898452 99.124750 93.814439 97.041620 0.064147 0.000000
832 99.879841 99.115235 94.285396 96.995604 0.065511 0.000000
833 99.864103 99.140798 93.653534 97.275507 0.064018 0.000000
834 99.848115 99.108418 93.852809 96.833404 0.065501 0.000000
835 99.824009 99.139094 93.341007 97.569101 0.064018 0.000000
836 99.810269 99.090524 94.912926 97.133464 0.065543 0.000000
837 99.627283 99.142503 92.334113 97.542670 0.063985 0.000000
838 99.604175 99.123188 92.672014 96.902620 0.065484 0.000000
839 99.594308 99.145627 92.779077 97.285775 0.064013 0.000000
840 99.567703 99.146479 92.033344 96.500449 0.065627 0.000000
841 99.554088 99.148751 92.168257 97.703538 0.063972 0.000000
842 99.532230 99.130573 90.840172 97.265429 0.065458 0.000000
843 99.522862 99.149745 90.751055 97.871442 0.064001 0.000000
844 99.492385 99.142076 92.455411 97.484864 0.065521 0.000000
845 99.478021 99.114241 91.237483 97.970321 0.064058 0.000000
846 99.469278 99.121910 91.181167 97.334074 0.065460 0.000000
847 99.451291 99.125603 90.342604 97.437516 0.064042 0.000000
848 99.443547 99.142645 91.001696 97.633563 0.065541 0.000000
849 99.420190 99.145485 91.203446 98.130049 0.064007 0.000000
850 99.405326 99.120632 92.716572 97.919931 0.065521 0.000000
851 99.396958 99.165935 88.529328 97.877147 0.064073 0.000000
852 99.379846 99.139378 92.221480 97.711905 0.065603 0.000000
853 99.355239 99.183403 89.047318 98.036494 0.064029 0.000000
854 99.353241 99.148041 89.454532 97.648204 0.065568 0.000000
855 99.354615 99.143213 89.940341 97.985723 0.064109 0.000000
856 99.337752 99.134550 90.574678 97.548755 0.065513 0.000000
857 99.331257 99.133271 90.676791 98.016148 0.064010 0.000000
858 99.315769 99.111117 92.039533 97.011196 0.065495 0.000000
859 99.315894 99.430655 90.916292 97.930199 0.064009 0.000000
860 99.266057 99.193203 90.796232 97.631281 0.065522 0.000000
861 99.208850 99.149319 90.796232 98.061404 0.064046 0.000000
862 99.209600 99.141650 91.757949 97.348335 0.065535 0.000000
863 99.200357 99.153296 90.749817 97.757161 0.065365 0.000000
864 99.992006 99.802597 92.039533 97.088968 0.068354 0.000000
865 99.991132 99.757719 92.134838 97.599906 0.064080 0.000000
866 99.991881 99.771495 93.045808 97.109505 0.065514 0.000000
867 99.991631 99.790241 83.214511 97.427058 0.063965 0.000000
868 99.991257 99.814810 89.902591 97.260675 0.065572 0.000000
869 99.991506 99.845060 88.189571 97.781120 0.064059 0.000000
870 99.991382 99.807851 90.754149 97.175297 0.065499 0.000000
871 99.989883 99.827450 89.819044 97.712856 0.064025 0.000000
872 99.991506 99.796774 89.854938 97.026789 0.065578 0.000000
873 99.991382 99.817650 89.554788 97.600096 0.064074 0.000000
874 99.991756 99.784134 92.272227 97.108744 0.065588 0.000000
875 99.991756 99.811260 91.094526 97.744611 0.064102 0.000000
876 99.991756 99.800466 91.259144 97.143352 0.065572 0.000000
877 99.982763 99.809413 90.619856 97.882661 0.064080 0.000000
878 99.959656 99.798904 91.032639 97.332933 0.065584 0.000000
879 99.932676 99.822479 91.173121 97.640788 0.064095 0.000000
880 99.884338 99.812254 89.697746 97.050558 0.065558 0.000000
881 99.897453 99.814526 89.294865 97.267711 0.064043 0.000000
882 99.892332 99.747068 84.170658 97.054361 0.065485 0.000000
883 99.880716 99.791377 78.353942 97.443981 0.064041 0.000000
884 99.861230 99.791519 91.925662 96.933995 0.065527 0.000000
885 99.784663 99.801745 89.398215 97.412226 0.064002 0.000000
886 99.767926 99.792229 90.721968 97.003590 0.065543 0.000000
887 99.757434 99.803165 90.856881 97.294902 0.064105 0.000000
888 99.720337 99.773341 78.087211 96.870864 0.065623 0.000000
889 99.685114 99.829438 90.296808 97.790438 0.064111 0.000000
890 99.666128 99.797058 90.082680 97.460525 0.065475 0.000000
891 99.643895 99.817792 90.489894 97.589067 0.064061 0.000000
892 99.622536 99.826313 89.983043 97.527268 0.065595 0.000000
893 99.603801 99.817792 89.559739 97.543240 0.064025 0.000000
894 99.595432 99.791377 88.932828 97.480490 0.065541 0.000000
895 99.561832 99.819355 82.337579 98.005119 0.064111 0.000000
896 99.550091 99.799472 90.091963 96.702580 0.065589 0.000000
897 99.531231 99.818503 88.291065 98.422312 0.064071 0.000000
898 99.516991 99.783850 90.564777 97.800516 0.065468 0.000000
899 99.500879 99.811402 89.076405 98.165797 0.064067 0.000000
900 99.487264 99.805295 90.440385 97.687946 0.065572 0.000000
901 99.461534 99.810834 75.306648 98.196602 0.064039 0.000000
902 99.435054 99.789957 89.614818 97.945031 0.065493 0.000000
903 99.424562 99.822337 81.749038 98.149444 0.064077 0.000000
904 99.421689 99.798194 89.801097 97.640028 0.065446 0.000000
905 99.406325 99.829722 88.675380 98.003027 0.064028 0.000000
906 99.344747 99.793650 76.790687 97.568911 0.065498 0.000000
907 99.336129 99.795780 89.255876 98.382760 0.064038 0.000000
908 99.226837 99.800040 89.334472 97.734723 0.065563 0.000000
909 99.223714 99.800750 89.129009 98.204588 0.064131 0.000000
910 99.220966 99.793934 89.766440 98.075475 0.065491 0.000000
911 99.203604 99.806005 88.530566 97.914607 0.065342 0.000000
912 99.991382 99.642970 95.744681 97.026408 0.066858 0.000000
913 99.984012 99.667681 91.788893 97.649345 0.064032 0.000000
914 99.991631 99.656887 91.727006 97.465088 0.065491 0.000000
915 99.991756 99.680320 93.597836 97.629950 0.064077 0.000000
916 99.990632 99.670521 92.427562 97.555220 0.065469 0.000000
917 99.990507 99.708866 92.839107 97.973364 0.064026 0.000000
918 99.991257 99.664272 93.782877 97.314678 0.065554 0.000000
919 99.990507 99.776324 91.743097 97.592490 0.064054 0.000000
920 99.990257 99.703895 93.238894 97.463187 0.065569 0.000000
921 99.991631 99.671089 94.308294 98.089736 0.064005 0.000000
922 99.991132 99.691539 92.775364 97.506541 0.065526 0.000000
923 99.991506 99.680462 89.698365 98.054368 0.064074 0.000000
924 99.992006 99.653195 93.368856 97.634513 0.065527 0.000000
925 99.991506 99.684155 92.946171 98.076236 0.064131 0.000000
926 99.991382 99.674355 90.366121 97.340919 0.065491 0.000000
927 99.985261 99.706877 93.464161 97.803368 0.064029 0.000000
928 99.958781 99.658592 93.461686 97.206292 0.065599 0.000000
929 99.948164 99.712132 93.936356 97.747273 0.064037 0.000000
930 99.930178 99.635727 93.713564 97.324376 0.065526 0.000000
931 99.910693 99.721363 87.573800 97.547424 0.064037 0.000000
932 99.910818 99.740109 92.236332 97.427438 0.065583 0.000000
933 99.822260 99.753459 93.076133 97.924495 0.064066 0.000000
934 99.810019 99.750761 91.920092 97.239949 0.065539 0.000000
935 99.808021 99.760986 92.332875 97.626147 0.064073 0.000000
936 99.794656 99.761128 92.581040 97.676727 0.065598 0.000000
937 99.770799 99.946602 91.228200 98.840075 0.064078 0.000000
938 99.761056 99.714830 93.578652 98.286163 0.065529 0.000000
939 99.752937 99.710144 91.446041 98.509781 0.064034 0.000000
940 99.734951 99.896044 91.071627 98.443228 0.065550 0.000000
941 99.712968 99.823473 89.907541 98.895789 0.064026 0.000000
942 99.710969 99.957253 90.971990 98.257260 0.065512 0.000000
943 99.690360 99.818361 90.662557 98.274754 0.064061 0.000000
944 99.683490 99.739541 90.150137 98.583750 0.065552 0.000000
945 99.663755 99.855143 89.645143 99.033269 0.064091 0.000000
946 99.664130 99.792087 90.864308 98.830948 0.065561 0.000000
947 99.664879 99.767376 90.520218 99.210490 0.064085 0.000000
948 99.651140 99.695658 91.896575 98.834370 0.065625 0.000000
949 99.630405 99.767092 90.213880 98.981548 0.064090 0.000000
950 99.616541 99.699918 91.671308 98.664945 0.065548 0.000000
951 99.577695 99.683445 91.910809 99.012542 0.064078 0.000000
952 99.561832 99.789673 91.086480 98.360893 0.065577 0.000000
953 99.564331 99.759424 90.060401 98.846730 0.064056 0.000000
954 99.530981 99.853013 90.908247 98.654487 0.065490 0.000000
955 99.506999 99.756015 89.485475 99.258028 0.064090 0.000000
956 99.479270 99.671941 91.791987 98.501415 0.065569 0.000000
957 99.467904 99.677196 91.313604 99.099442 0.064060 0.000000
958 99.447294 99.739399 90.929288 98.903776 0.065554 0.000000
959 99.388839 99.740535 91.351974 98.999992 0.065452 0.000000
960 99.839996 99.074903 94.343569 96.655803 0.068368 0.000000
961 99.833876 99.032013 94.706225 97.375146 0.064074 0.000000
962 99.839871 99.027611 95.583776 96.805072 0.065488 0.000000
963 99.840496 99.048345 89.266397 97.125477 0.064082 0.000000
964 99.833252 99.028747 94.035993 96.625188 0.065501 0.000000
965 99.839122 99.096773 92.602701 97.286155 0.064046 0.000000
966 99.840121 99.032866 95.561497 96.894063 0.065543 0.000000
967 99.832377 99.054736 94.521803 97.282733 0.064112 0.000000
968 99.838622 99.063399 93.826817 97.235765 0.065616 0.000000
969 99.834001 99.051612 95.180276 97.552178 0.064113 0.000000
970 99.839622 99.038262 89.716312 96.865160 0.065578 0.000000
971 99.839996 99.065103 93.764311 97.159514 0.064080 0.000000
972 99.840371 99.039398 95.196366 96.649147 0.065645 0.000000
973 99.839747 99.040960 95.236592 97.655240 0.064172 0.000000
974 99.839497 99.041103 89.779436 96.985906 0.065579 0.000000
975 99.839871 99.092513 93.894273 97.322855 0.064134 0.000000
976 99.833626 99.060559 94.113970 96.739850 0.065612 0.000000
977 99.839747 99.043233 89.864221 97.423825 0.064054 0.000000
978 99.832252 99.025907 89.321476 96.592292 0.065470 0.000000
979 99.817014 99.065387 93.625067 97.049607 0.064009 0.000000
980 99.788785 99.027895 95.167898 96.620054 0.065550 0.000000
981 99.659259 99.058145 94.871462 97.200587 0.064036 0.000000
982 99.629531 99.042523 95.799760 96.931523 0.065516 0.000000
983 99.597306 99.075187 93.822485 97.147915 0.064055 0.000000
984 99.573449 99.053032 93.425173 96.626519 0.065635 0.000000
985 99.554088 99.078169 92.633025 97.310115 0.064011 0.000000
986 99.539599 99.066950 92.495637 96.978300 0.065615 0.000000
987 99.518490 99.070642 91.657074 97.294712 0.063995 0.000000
988 99.494009 99.068512 91.081529 97.065580 0.065567 0.000000
989 99.477771 99.096489 92.347109 97.529169 0.064074 0.000000
990 99.453540 99.045647 93.349053 96.972785 0.065515 0.000000
991 99.424687 99.098335 90.984367 97.615498 0.064118 0.000000
992 99.415943 99.047351 92.847771 97.517950 0.065584 0.000000
993 99.389963 99.046783 86.637456 97.587736 0.064004 0.000000
994 99.378596 99.078169 90.748580 97.393971 0.065540 0.000000
995 99.374475 99.065813 90.642135 97.412226 0.064068 0.000000
996 99.345122 99.077885 83.678660 96.768182 0.065566 0.000000
997 99.323888 99.081435 90.111148 97.704489 0.064075 0.000000
998 99.313396 99.054736 92.403426 97.459384 0.065608 0.000000
999 99.305402 99.090950 91.667595 97.632612 0.064079 0.000000
1000 99.293286 99.052180 93.112027 97.414128 0.065523 0.000000
1001 99.294785 99.050618 85.188692 97.336546 0.064005 0.000000
1002 99.279796 99.088536 91.013454 97.218652 0.065488 0.000000
1003 99.274800 99.093081 90.363645 97.798994 0.064018 0.000000
1004 99.252817 99.093081 91.936183 96.881513 0.065566 0.000000
1005 99.158638 99.057576 92.426943 97.752217 0.064043 0.000000
1006 99.158638 99.061411 85.129281 97.345293 0.065493 0.000000
1007 99.151519 99.062121 90.364264 97.935714 0.065392 0.000000
1008 99.903198 98.991965 94.616489 97.281211 0.066837 0.000000
1009 99.902699 98.956603 93.288404 97.900535 0.064024 0.000000
1010 99.903198 98.946661 94.835567 96.986096 0.065483 0.000000
1011 99.902949 98.991113 93.716040 97.543431 0.064068 0.000000
1012 99.902699 98.974781 94.087978 96.790430 0.065499 0.000000
1013 99.902449 98.982024 93.374426 98.010443 0.063992 0.000000
1014 99.902824 98.980887 93.407845 97.440749 0.065476 0.000000
1015 99.902324 98.986000 93.175770 97.326277 0.064025 0.000000
1016 99.900825 98.983586 93.759360 97.225687 0.065557 0.000000
1017 99.902949 98.966260 92.135457 97.854519 0.064029 0.000000
1018 99.902574 98.977337 92.567425 97.220743 0.065544 0.000000
1019 99.902824 98.960579 85.810652 97.789487 0.064023 0.000000
1020 99.893456 98.992533 93.771738 97.401768 0.065599 0.000000
1021 99.892831 98.975775 94.823809 97.804129 0.064016 0.000000
1022 99.898702 98.935726 88.141918 97.439228 0.065563 0.000000
1023 99.880466 98.978473 86.386197 97.377809 0.064041 0.000000
1024 99.865727 99.000770 92.558142 96.811727 0.065517 0.000000
1025 99.846117 98.958591 94.341713 97.313727 0.065459 0.000000
1026 99.842370 98.996367 93.374426 97.280831 0.065487 0.000000
1027 99.816639 98.961573 93.979676 97.157613 0.065562 0.000000
1028 99.791783 98.953478 93.079846 97.060445 0.065493 0.000000
1029 99.699603 98.946235 93.386184 97.310115 0.065497 0.000000
1030 99.677120 98.943963 94.434543 96.504822 0.065525 0.000000
1031 99.667252 98.927063 94.578738 97.185755 0.065527 0.000000
1032 99.646893 98.963135 93.935737 96.781683 0.065576 0.000000
1033 99.641272 98.942117 94.621440 97.544572 0.065531 0.000000
1034 99.625035 98.930471 94.420928 97.464137 0.065449 0.000000
1035 99.613169 98.981597 94.373275 97.561115 0.065501 0.000000
1036 99.602552 98.949928 85.823648 97.549896 0.065538 0.000000
1037 99.586064 98.970520 92.874383 97.508253 0.065508 0.000000
1038 99.555212 98.964839 92.511728 97.599525 0.065480 0.000000
1039 99.537476 98.967112 93.125023 97.246794 0.065546 0.000000
1040 99.514743 98.918116 95.331898 97.866308 0.065546 0.000000
1041 99.506250 98.938708 93.726560 97.744801 0.065529 0.000000
1042 99.496757 98.951490 93.568750 97.748414 0.065531 0.000000
1043 99.475898 98.942685 85.862637 97.513577 0.065533 0.000000
1044 99.458536 98.954898 92.680678 97.713046 0.065539 0.000000
1045 99.425561 98.933738 93.378139 97.661325 0.065477 0.000000
1046 99.423937 98.980887 92.443033 97.729019 0.065502 0.000000
1047 99.368604 98.948650 85.435619 97.658282 0.065522 0.000000
1048 99.369354 98.938708 93.330487 97.767239 0.065516 0.000000
1049 99.344747 98.939845 93.492010 97.751647 0.065448 0.000000
1050 99.338877 98.942401 85.480178 97.767619 0.065480 0.000000
1051 99.325137 98.957029 92.257993 97.677107 0.065586 0.000000
1052 99.296159 98.964697 92.246853 97.623484 0.065602 0.000000
1053 99.188366 98.944531 93.097793 97.724645 0.065599 0.000000
1054 99.179123 98.935300 84.870595 97.717610 0.065557 0.000000
1055 99.181496 98.923939 92.867575 97.741949 0.065410 0.000000
1056 99.880466 98.329456 100.000000 95.976391 0.068326 0.000000
1057 99.878967 98.459118 95.750870 95.631075 0.065453 0.000000
1058 99.880591 98.440939 96.473086 95.591334 0.065532 0.000000
1059 99.880716 98.468633 95.976755 95.820657 0.065484 0.000000
1060 99.872722 98.472467 95.251445 95.738131 0.065524 0.000000
1061 99.880341 98.563216 93.905413 95.478574 0.065450 0.000000
1062 99.880466 98.510528 95.693934 95.635639 0.065481 0.000000
1063 99.879841 98.533250 95.321377 96.013470 0.065450 0.000000
1064 99.880341 98.563358 93.372569 95.828643 0.065542 0.000000
1065 99.880341 98.501155 95.327566 95.990842 0.065508 0.000000
1066 99.880216 98.481272 96.216256 95.807536 0.065494 0.000000
1067 99.880716 98.461816 96.346218 95.918395 0.065554 0.000000
1068 99.880591 98.514220 95.477950 95.291845 0.065555 0.000000
1069 99.880091 98.485107 96.690926 96.107405 0.065518 0.000000
1070 99.879591 98.465224 96.867922 96.059867 0.065599 0.000000
1071 99.880341 98.469485 96.067729 96.122427 0.065582 0.000000
1072 99.879591 98.474881 97.270184 95.749350 0.065495 0.000000
1073 99.879841 98.522457 96.504029 95.686029 0.065433 0.000000
1074 99.880466 98.552565 95.797284 95.696488 0.065454 0.000000
1075 99.880840 98.558103 94.689515 95.465073 0.065470 0.000000
1076 99.880466 98.489651 94.152340 95.717785 0.065526 0.000000
1077 99.874345 98.613064 94.648670 95.623469 0.065488 0.000000
1078 99.880091 98.589489 86.803931 95.883597 0.065506 0.000000
1079 99.866976 98.533960 95.815850 95.934367 0.065513 0.000000
1080 99.850738 98.637065 94.399886 95.715883 0.065655 0.000000
1081 99.840871 98.551287 94.857847 96.316382 0.065492 0.000000
1082 99.826632 98.536659 96.265147 96.298318 0.065498 0.000000
1083 99.821885 98.524871 95.729828 96.084967 0.065478 0.000000
1084 99.809644 98.624141 94.766873 96.236138 0.065504 0.000000
1085 99.802275 98.517202 95.362222 96.383125 0.065433 0.000000
1086 99.777544 98.574151 94.320052 96.365441 0.065539 0.000000
1087 99.774671 98.556115 94.895597 96.219595 0.065552 0.000000
1088 99.764803 98.630248 93.743270 96.727300 0.065530 0.000000
1089 99.738948 98.516492 94.932729 96.252491 0.065512 0.000000
1090 99.725833 98.686060 84.003565 96.714369 0.065467 0.000000
1091 99.694357 98.559666 94.599161 96.093714 0.065521 0.000000
1092 99.677869 98.482266 86.433849 96.525549 0.065497 0.000000
1093 99.659259 98.543476 93.918409 96.589250 0.065518 0.000000
1094 99.648392 98.470479 94.903643 96.921445 0.065505 0.000000
1095 99.634153 98.658225 93.567512 96.683565 0.065569 0.000000
1096 99.614667 98.500018 94.236506 96.685276 0.065467 0.000000
1097 99.599054 98.577418 92.615078 96.673677 0.065411 0.000000
1098 99.576072 98.468633 94.763779 96.522697 0.065457 0.000000
1099 99.555462 98.512232 93.021054 96.165592 0.065399 0.000000
1100 99.547718 98.500160 94.061367 96.501209 0.065473 0.000000
1101 99.528857 98.571169 92.600844 96.668163 0.065497 0.000000
1102 99.498755 98.487805 93.186910 96.162549 0.065465 0.000000
1103 99.487889 98.555263 92.821160 96.543993 0.065404 0.000000
1104 99.910443 99.416311 92.316785 97.971272 0.066853 0.000000
1105 99.910568 99.390606 88.299110 97.626717 0.065481 0.000000
1106 99.910943 99.362203 93.774832 98.153247 0.065502 0.000000
1107 99.910943 99.373848 93.842288 97.921642 0.065451 0.000000
1108 99.900201 99.361066 94.792247 97.104180 0.065490 0.000000
1109 99.910443 99.718807 87.628879 98.015577 0.065498 0.000000
1110 99.910693 99.409920 88.163579 98.367738 0.065488 0.000000
1111 99.905197 99.437471 92.708527 98.015767 0.065558 0.000000
1112 99.905197 99.409778 93.276026 98.099434 0.065561 0.000000
1113 99.910818 99.405376 93.802062 98.274183 0.065550 0.000000
1114 99.910818 99.379529 92.893568 98.032120 0.065533 0.000000
1115 99.910693 99.374700 93.050759 98.043720 0.065530 0.000000
1116 99.910943 99.349989 89.720644 97.844821 0.065535 0.000000
1117 99.910568 99.402393 93.620734 98.155719 0.065546 0.000000
1118 99.909818 99.514445 93.671481 98.126436 0.065493 0.000000
1119 99.910818 99.379529 92.487592 97.574425 0.065569 0.000000
1120 99.908569 99.845344 91.948560 97.683763 0.065563 0.000000
1121 99.910818 99.340474 94.032899 97.788346 0.065481 0.000000
1122 99.910818 99.409636 94.156672 97.841398 0.065457 0.000000
1123 99.904198 99.389186 89.580162 97.899775 0.065481 0.000000
1124 99.892956 99.402819 91.794462 97.907951 0.065494 0.000000
1125 99.725833 99.337350 94.300249 97.687566 0.065492 0.000000
1126 99.710220 99.359220 89.276918 97.746132 0.065518 0.000000
1127 99.697480 99.364191 88.797297 97.797663 0.065556 0.000000
1128 99.639524 99.385067 94.425878 96.884935 0.065587 0.000000
1129 99.657760 99.456360 79.150421 97.712095 0.065476 0.000000
1130 99.649516 99.478514 92.365675 97.771232 0.065556 0.000000
1131 99.633403 99.437613 92.145978 97.357082 0.065516 0.000000
1132 99.613169 99.512740 92.361962 97.782071 0.065523 0.000000
1133 99.603551 99.368593 79.975369 97.837215 0.065492 0.000000
1134 99.592934 99.476668 79.643038 97.437326 0.065480 0.000000
1135 99.582941 99.399979 91.164457 97.505590 0.065544 0.000000
1136 99.558460 99.436477 92.582278 97.691749 0.065550 0.000000
1137 99.544221 99.435625 93.198668 98.101906 0.065490 0.000000
1138 99.530731 99.551937 89.622245 97.887605 0.065503 0.000000
1139 99.510871 99.527794 85.207877 97.998273 0.065464 0.000000
1140 99.503127 99.456928 91.059250 97.972032 0.065532 0.000000
1141 99.485141 99.390890 86.620128 97.993139 0.065507 0.000000
1142 99.458411 99.751471 90.779523 98.059312 0.065512 0.000000
1143 99.455663 99.837391 91.291944 98.022042 0.065555 0.000000
1144 99.440050 99.505355 85.111953 98.090307 0.065474 0.000000
1145 99.411447 99.425542 86.349684 97.753548 0.065490 0.000000
1146 99.410822 99.515155 85.730199 98.182911 0.065479 0.000000
1147 99.406325 99.442726 88.973673 97.565108 0.065467 0.000000
1148 99.394210 99.359788 87.498917 97.474976 0.065497 0.000000
1149 99.392586 99.400689 86.838588 97.805840 0.065419 0.000000
1150 99.375224 99.536173 89.432253 98.115027 0.065475 0.000000
1151 99.368229 99.439034 91.050586 97.573475 0.065394 0.000000
1152 99.960530 99.604909 94.012476 96.756583 0.068301 0.000000
1153 99.960030 99.577926 93.355860 96.761147 0.065517 0.000000
1154 99.960405 99.585595 92.961024 96.643443 0.065487 0.000000
1155 99.960655 99.578920 91.493075 95.954713 0.065458 0.000000
1156 99.959905 99.461614 92.660874 96.293183 0.065475 0.000000
1157 99.960280 99.521119 92.407758 96.267893 0.065469 0.000000
1158 99.960405 99.495130 85.692449 96.502921 0.065448 0.000000
1159 99.954784 99.494704 86.058198 96.380463 0.065505 0.000000
1160 99.953161 99.503225 92.354536 96.900528 0.065507 0.000000
1161 99.960405 99.582329 91.485649 96.335587 0.065509 0.000000
1162 99.960155 99.496124 91.767232 96.196777 0.065498 0.000000
1163 99.960655 99.500243 91.761044 96.254012 0.065488 0.000000
1164 99.961154 99.752465 92.476452 96.520795 0.065533 0.000000
1165 99.958906 99.484621 93.280358 96.816291 0.065486 0.000000
1166 99.933550 99.491580 92.981446 96.785486 0.065508 0.000000
1167 99.908819 99.699066 92.225812 96.728060 0.065582 0.000000
1168 99.888460 99.677906 91.556818 96.359546 0.065562 0.000000
1169 99.871972 99.687279 94.360898 96.391682 0.065559 0.000000
1170 99.864228 99.503083 93.593504 96.311058 0.065499 0.000000
1171 99.846242 99.576080 92.203532 96.333496 0.065476 0.000000
1172 99.828380 99.544978 90.465139 96.150760 0.065573 0.000000
1173 99.745693 99.575086 93.261174 96.453481 0.065513 0.000000
1174 99.716465 99.477378 91.894100 96.511097 0.065507 0.000000
1175 99.705723 99.709292 93.180102 96.374568 0.065558 0.000000
1176 99.686238 99.543132 90.823462 96.035718 0.065694 0.000000
1177 99.673248 99.481355 84.423774 96.744413 0.065515 0.000000
1178 99.657135 99.477946 92.470882 95.917063 0.065534 0.000000
1179 99.654512 99.490728 92.127412 96.414120 0.065539 0.000000
1180 99.630031 99.629904 90.807372 96.328171 0.065481 0.000000
1181 99.620913 99.485615 90.758482 96.791951 0.065486 0.000000
1182 99.597930 99.721363 90.479373 96.685276 0.065516 0.000000
1183 99.583191 99.730736 90.545592 96.584306 0.065557 0.000000
1184 99.561957 99.490586 90.055450 97.342440 0.065582 0.000000
1185 99.555212 99.560316 90.556113 97.289768 0.065512 0.000000
1186 99.518615 99.717955 91.564863 97.224166 0.065477 0.000000
1187 99.489512 99.725482 90.216355 96.884175 0.065475 0.000000
1188 99.481144 99.564576 91.444803 96.679381 0.065520 0.000000
1189 99.472900 99.490586 90.429245 97.144683 0.065529 0.000000
1190 99.451666 99.717955 90.515886 96.739469 0.065474 0.000000
1191 99.443672 99.551227 91.194782 97.202489 0.065550 0.000000
1192 99.407699 99.589429 84.514129 96.886076 0.065446 0.000000
1193 99.399581 99.595678 90.644610 96.769323 0.065467 0.000000
1194 99.384092 99.705457 83.562314 96.754111 0.065412 0.000000
1195 99.372476 99.679468 92.627455 97.093342 0.065443 0.000000
1196 99.340500 99.706309 91.762900 97.322284 0.065464 0.000000
1197 99.224463 99.690971 90.031315 97.191650 0.065446 0.000000
1198 99.178623 99.568837 89.106111 97.011576 0.065469 0.000000
1199 99.172128 99.688841 91.406434 97.002449 0.065423 0.000000
1200 99.993005 99.330817 96.550444 97.567960 0.066849 0.000000
1201 99.992631 99.272448 95.505799 97.785113 0.065487 0.000000
1202 99.993755 99.339622 93.732749 97.787776 0.065479 0.000000
1203 99.993755 99.327834 93.251891 97.703538 0.065432 0.000000
1204 99.993130 99.318887 92.756179 97.700306 0.065421 0.000000
1205 99.993630 99.336497 93.536569 97.766859 0.065466 0.000000
1206 99.989008 99.324568 93.386803 97.560734 0.065466 0.000000
1207 99.993005 99.334083 93.497580 97.558072 0.065512 0.000000
1208 99.993380 99.320024 94.648051 97.639838 0.065480 0.000000
1209 99.991257 99.316331 93.378139 97.936094 0.065443 0.000000
1210 99.993630 99.353255 93.209189 97.835884 0.065499 0.000000
1211 99.993880 99.323290 91.852636 97.753738 0.065453 0.000000
1212 99.993630 99.309372 93.152872 97.898063 0.065477 0.000000
1213 99.993505 99.322296 95.324471 97.881330 0.065465 0.000000
1214 99.987135 99.297727 87.827535 97.776366 0.065507 0.000000
1215 99.972146 99.334367 93.788447 97.835504 0.065549 0.000000
1216 99.958407 99.318745 95.015657 97.489428 0.065516 0.000000
1217 99.933051 99.313491 95.611006 97.723504 0.065461 0.000000
1218 99.916189 99.316189 95.235973 97.728638 0.065550 0.000000
1219 99.899951 99.339906 94.376988 97.381041 0.065463 0.000000
1220 99.881965 99.332521 92.075427 97.460905 0.065506 0.000000
1221 99.753562 99.331953 93.662817 97.794431 0.065542 0.000000
1222 99.703850 99.292898 94.453727 97.690418 0.065584 0.000000
1223 99.681866 99.309656 94.641863 97.500456 0.065537 0.000000
1224 99.669501 99.328118 91.650267 97.485815 0.065584 0.000000
1225 99.655761 99.337776 93.259317 98.227406 0.065534 0.000000
1226 99.634652 99.299431 92.663350 98.404437 0.065502 0.000000
1227 99.613418 99.324426 92.441177 98.319440 0.065575 0.000000
1228 99.607298 99.305680 93.105838 98.255549 0.065522 0.000000
1229 99.585065 99.321728 93.628780 98.489815 0.065522 0.000000
1230 99.569327 99.286650 92.743802 98.078517 0.065522 0.000000
1231 99.547468 99.296591 92.683772 97.986864 0.065521 0.000000
1232 99.525985 99.321160 91.438615 98.604857 0.065516 0.000000
1233 99.505250 99.282815 92.174446 98.331990 0.065551 0.000000
1234 99.487389 99.309088 92.194868 98.794248 0.065523 0.000000
1235 99.469028 99.310934 93.653534 98.434481 0.065490 0.000000
1236 99.468029 99.296023 94.065080 98.326855 0.065532 0.000000
1237 99.434554 99.321586 91.909571 98.844258 0.065584 0.000000
1238 99.427684 99.320166 93.972869 98.357660 0.065543 0.000000
1239 99.413445 99.328545 92.878096 98.611703 0.065526 0.000000
1240 99.410572 99.285513 92.410234 98.486963 0.065533 0.000000
1241 99.385966 99.301561 91.980122 98.413375 0.065476 0.000000
1242 99.389713 99.319029 93.097174 98.563594 0.065460 0.000000
1243 99.333506 99.302982 93.807013 98.398162 0.065492 0.000000
1244 99.173127 99.287928 93.479633 98.772761 0.065471 0.000000
1245 99.163135 99.307526 92.074190 98.893127 0.065536 0.000000
1246 99.161386 99.275430 83.935489 98.392078 0.065518 0.000000
1247 99.150145 99.269039 91.361257 98.548953 0.065384 0.000000
1248 99.890708 98.813024 94.531086 96.777119 0.068279 0.000000
1249 99.890083 98.797970 93.927073 96.315621 0.065520 0.000000
1250 99.890583 98.765022 95.163566 96.644203 0.065410 0.000000
1251 99.890708 98.801236 92.850247 96.270175 0.065476 0.000000
1252 99.890333 98.767578 94.479101 96.414500 0.065500 0.000000
1253 99.889958 98.792431 86.759373 96.631463 0.065475 0.000000
1254 99.890583 98.782348 94.940156 96.723877 0.065496 0.000000
1255 99.889958 98.791011 93.378758 95.372469 0.065547 0.000000
1256 99.881840 98.732926 87.872712 96.692692 0.065531 0.000000
1257 99.890583 98.788881 94.628866 96.817432 0.065534 0.000000
1258 99.890583 98.796834 87.998341 96.717222 0.065516 0.000000
1259 99.890583 98.758631 95.177181 96.171486 0.065504 0.000000
1260 99.890583 98.763602 94.079314 96.352511 0.065527 0.000000
1261 99.890208 98.752524 88.704467 96.769894 0.065493 0.000000
1262 99.890458 98.789307 93.180721 96.551409 0.065516 0.000000
1263 99.890458 98.774963 92.381147 96.605032 0.065554 0.000000
1264 99.890208 98.776809 93.271075 96.709806 0.065539 0.000000
1265 99.890208 98.813166 92.946790 96.536578 0.065425 0.000000
1266 99.890583 98.805639 92.648497 96.267323 0.065482 0.000000
1267 99.890583 98.765590 92.708527 96.302501 0.065447 0.000000
1268 99.887335 98.772833 94.732217 96.368293 0.065464 0.000000
1269 99.841245 98.794561 93.193098 96.689460 0.065441 0.000000
1270 99.787411 98.801236 87.580607 96.370765 0.065416 0.000000
1271 99.808645 98.771555 95.270011 96.621956 0.065518 0.000000
1272 99.770174 98.831770 92.068620 93.870461 0.065612 0.000000
1273 99.767052 98.796124 93.888703 97.255351 0.065498 0.000000
1274 99.744569 98.780360 93.025386 97.109314 0.065498 0.000000
1275 99.731704 98.779508 93.118835 96.821805 0.065484 0.000000
1276 99.712343 98.801378 92.231381 97.081362 0.065580 0.000000
1277 99.688611 98.816006 91.177453 97.258203 0.065526 0.000000
1278 99.671249 98.783058 93.829292 97.239378 0.065514 0.000000
1279 99.658884 98.807627 92.150310 96.756203 0.065490 0.000000
1280 99.647642 98.799248 88.714369 97.277789 0.065506 0.000000
1281 99.637400 98.821545 91.328457 97.650106 0.065528 0.000000
1282 99.616541 98.801662 91.821692 97.543621 0.065493 0.000000
1283 99.597306 98.795271 85.563725 97.415078 0.065529 0.000000
1284 99.577820 98.796976 91.777134 96.948066 0.065492 0.000000
1285 99.565080 98.808337 91.679972 97.518521 0.065476 0.000000
1286 99.547843 98.765590 87.018677 97.423255 0.065510 0.000000
1287 99.535477 98.794561 91.053680 97.413177 0.065531 0.000000
1288 99.517991 98.799532 90.660082 97.073566 0.065483 0.000000
1289 99.497631 98.801094 90.729395 97.170353 0.065390 0.000000
1290 99.486265 98.798964 92.571139 97.219793 0.065469 0.000000
1291 99.471651 98.817710 90.784474 97.536395 0.065409 0.000000
1292 99.461159 98.776667 84.637902 97.090109 0.065432 0.000000
1293 99.441049 98.788029 92.129269 97.425917 0.065396 0.000000
1294 99.428184 98.799106 90.044930 97.134605 0.065460 0.000000
1295 99.419191 98.817284 88.906836 97.286536 0.065410 0.000000
1296 99.935424 98.619739 94.892503 96.335017 0.066780 0.000000
1297 99.927805 98.681232 92.172589 95.749920 0.065521 0.000000
1298 99.935799 98.640047 94.412263 96.214841 0.065532 0.000000
1299 99.936173 98.653255 94.178332 95.783767 0.065481 0.000000
1300 99.932801 98.666178 94.178332 95.579734 0.065522 0.000000
1301 99.934675 98.680948 92.784647 96.400619 0.065429 0.000000
1302 99.935674 98.658793 93.043952 96.370955 0.065477 0.000000
1303 99.934924 98.718440 92.600225 95.628984 0.065511 0.000000
1304 99.933426 98.683646 94.572550 95.923909 0.065499 0.000000
1305 99.935299 98.931324 91.356924 96.331404 0.065522 0.000000
1306 99.935424 98.670155 92.736376 96.331404 0.065570 0.000000
1307 99.935299 98.693303 93.135544 96.276450 0.065546 0.000000
1308 99.936298 98.717020 94.053940 96.366962 0.065628 0.000000
1309 99.922809 98.816290 91.813647 96.456714 0.065571 0.000000
1310 99.901824 98.898376 93.206095 95.980384 0.065589 0.000000
1311 99.890208 98.664474 92.709764 96.123758 0.065564 0.000000
1312 99.875345 98.689185 92.714097 95.911929 0.065563 0.000000
1313 99.861480 98.669871 92.797643 96.134597 0.065450 0.000000
1314 99.842370 98.681516 92.886760 96.060248 0.065522 0.000000
1315 99.817513 98.661776 93.350290 96.077361 0.065514 0.000000
1316 99.807896 98.654249 92.905945 96.034007 0.065466 0.000000
1317 99.664380 98.652402 95.032986 95.953953 0.065475 0.000000
1318 99.648891 98.685350 91.929375 95.726531 0.065460 0.000000
1319 99.638399 98.715032 93.111408 95.736800 0.065520 0.000000
1320 99.610795 98.719718 90.311042 95.830925 0.065591 0.000000
1321 99.591685 98.704949 91.473890 96.532014 0.065491 0.000000
1322 99.560459 98.684214 91.808696 96.373618 0.065554 0.000000
1323 99.560209 98.659219 91.567339 96.543233 0.065445 0.000000
1324 99.536102 98.799248 91.312366 96.545895 0.065490 0.000000
1325 99.520114 98.638343 91.780847 96.482575 0.065466 0.000000
1326 99.496007 98.708073 91.759806 96.625378 0.065504 0.000000
1327 99.496632 98.707221 91.939277 96.178522 0.065546 0.000000
1328 99.486640 98.698416 92.706051 96.844243 0.065520 0.000000
1329 99.470777 98.708357 91.751142 97.087257 0.065461 0.000000
1330 99.455038 99.244613 90.065352 97.007964 0.065520 0.000000
1331 99.435928 98.743151 89.978092 96.734335 0.065498 0.000000
1332 99.422813 98.635360 91.806840 96.866871 0.065489 0.000000
1333 99.403578 98.837734 90.926813 97.022225 0.065414 0.000000
1334 99.409323 98.725825 91.912047 96.501590 0.065486 0.000000
1335 99.376098 98.704239 90.962707 97.054741 0.065491 0.000000
1336 99.301905 98.675835 91.452849 96.911557 0.065517 0.000000
1337 99.288915 98.679102 90.817893 97.030782 0.065445 0.000000
1338 99.288040 98.709067 91.144035 96.406324 0.065430 0.000000
1339 99.275924 98.763318 91.004171 96.372857 0.065464 0.000000
1340 99.149270 98.635076 90.907628 96.785866 0.065451 0.000000
1341 99.134407 98.708357 91.564244 96.636597 0.065443 0.000000
1342 99.132908 98.655669 90.916911 96.653331 0.065441 0.000000
1343 99.138029 98.654391 91.645935 96.461468 0.065432 0.000000
1344 99.835250 98.951348 94.817001 97.576707 0.068289 0.000000
1345 99.835000 98.951064 92.978971 97.565678 0.065445 0.000000
1346 99.835625 99.065529 91.126707 97.312587 0.065516 0.000000
1347 99.835750 98.981597 93.373807 96.966891 0.065507 0.000000
1348 99.835000 98.988840 84.438627 97.153049 0.065511 0.000000
1349 99.835250 99.007445 91.297513 97.539628 0.065465 0.000000
1350 99.835625 99.203144 91.281423 97.180431 0.065468 0.000000
1351 99.835250 98.988272 92.126793 97.357843 0.065528 0.000000
1352 99.835250 98.965408 91.951654 97.605230 0.065572 0.000000
1353 99.835500 98.988272 92.177540 97.588497 0.065507 0.000000
1354 99.835375 99.004036 92.342777 97.718750 0.065541 0.000000
1355 99.835500 98.986142 92.254279 97.390739 0.065556 0.000000
1356 99.835750 98.983302 93.049522 97.239949 0.065595 0.000000
1357 99.835125 99.057718 90.561682 97.598384 0.065567 0.000000
1358 99.835500 98.965550 92.445509 97.757922 0.065597 0.000000
1359 99.829879 98.972224 94.862179 97.677678 0.065584 0.000000
1360 99.835375 99.009859 92.786504 97.258013 0.065532 0.000000
1361 99.834875 98.997361 93.114502 97.561115 0.065433 0.000000
1362 99.827256 98.973503 93.376901 97.010055 0.065560 0.000000
1363 99.822759 98.986568 92.802594 97.062537 0.065526 0.000000
1364 99.808146 98.944247 92.921416 93.868369 0.065473 0.000000
1365 99.655636 99.005172 93.180102 97.319242 0.065544 0.000000
1366 99.626034 98.981029 92.284604 97.529550 0.065446 0.000000
1367 99.612919 99.008297 92.691198 97.533162 0.065537 0.000000
1368 99.596556 99.015539 91.555580 96.743272 0.065652 0.000000
1369 99.567203 99.060275 91.045635 97.322284 0.065566 0.000000
1370 99.549592 99.133413 91.635414 97.266950 0.065499 0.000000
1371 99.531231 98.985006 92.282128 96.984004 0.065525 0.000000
1372 99.520614 99.070358 92.014779 96.949397 0.065536 0.000000
1373 99.500129 99.135970 90.291857 97.428389 0.065484 0.000000
1374 99.481768 99.077885 91.319174 97.409944 0.065508 0.000000
1375 99.448793 99.045363 89.506517 97.340729 0.065469 0.000000
1376 99.445671 99.120206 89.712599 97.823904 0.065536 0.000000
1377 99.428808 99.023492 90.976941 97.697644 0.065524 0.000000
1378 99.409823 99.046357 90.568490 97.727497 0.065502 0.000000
1379 99.390338 98.987704 90.741153 97.370773 0.065498 0.000000
1380 99.387090 99.076465 89.395740 97.329700 0.065514 0.000000
1381 99.371852 99.196469 89.759014 97.564347 0.065525 0.000000
1382 99.350368 98.968106 92.391049 97.495132 0.065511 0.000000
1383 99.334380 99.290910 88.973673 97.578609 0.065525 0.000000
1384 99.316643 99.080299 89.768916 97.499315 0.065496 0.000000
1385 99.309024 99.015681 91.267808 97.437706 0.065456 0.000000
1386 99.302529 99.107140 89.338804 97.073186 0.065462 0.000000
1387 99.287541 99.029741 90.780142 97.504830 0.065495 0.000000
1388 99.272677 98.980177 92.103895 97.522324 0.065437 0.000000
1389 99.270553 99.042381 82.131497 97.449115 0.065450 0.000000
1390 99.249819 98.971514 90.485562 97.589828 0.065459 0.000000
1391 99.244823 99.055162 67.254589 97.260675 0.065422 0.000000
1392 99.967899 99.367031 92.666444 96.462418 0.066799 0.000000
1393 99.967650 99.404097 91.033877 97.183283 0.065430 0.000000
1394 99.967899 99.445424 90.984367 96.962898 0.065454 0.000000
1395 99.968149 99.401257 92.834156 96.861357 0.065473 0.000000
1396 99.967774 99.424548 90.909485 96.526690 0.065472 0.000000
1397 99.962029 99.450679 87.948832 96.911937 0.065410 0.000000
1398 99.968149 99.478372 90.773334 96.682424 0.065469 0.000000
1399 99.967025 99.386487 91.840877 96.989519 0.065477 0.000000
1400 99.942669 99.778454 90.523313 96.864399 0.065527 0.000000
1401 99.968024 99.437897 92.529675 96.848807 0.065488 0.000000
1402 99.967899 99.383505 87.436412 97.156472 0.065435 0.000000
1403 99.968024 99.485189 90.940428 96.769133 0.065444 0.000000
1404 99.962778 99.441732 88.331910 97.021084 0.065501 0.000000
1405 99.946665 99.450537 90.012749 96.910986 0.065438 0.000000
1406 99.967650 99.405234 93.123785 96.995794 0.065472 0.000000
1407 99.961154 99.452809 88.904361 96.645154 0.065484 0.000000
1408 99.949913 99.447271 92.099563 96.688509 0.065523 0.000000
1409 99.929678 99.421708 91.213967 96.431043 0.065510 0.000000
1410 99.910318 99.436619 88.237224 96.729772 0.065473 0.000000
1411 99.900201 99.413187 91.456562 96.817051 0.065476 0.000000
1412 99.894080 99.404097 93.443739 96.834355 0.065566 0.000000
1413 99.759058 99.457496 91.162601 97.009295 0.065467 0.000000
1414 99.755685 99.465875 85.860780 96.483525 0.065440 0.000000
1415 99.730455 99.443294 90.001609 96.827890 0.065553 0.000000
1416 99.713467 99.598092 86.167737 96.813819 0.065601 0.000000
1417 99.699728 99.447981 86.436325 97.363737 0.065490 0.000000
1418 99.686488 99.478230 88.292921 97.599335 0.065491 0.000000
1419 99.683115 99.509332 90.111767 97.622344 0.065471 0.000000
1420 99.670875 99.470135 86.015496 97.670262 0.065468 0.000000
1421 99.663505 99.585311 89.973760 97.641169 0.065501 0.000000
1422 99.651639 99.512598 90.728776 97.451968 0.065499 0.000000
1423 99.610545 99.502373 89.468147 97.228920 0.065520 0.000000
1424 99.591435 99.687705 90.225019 97.936284 0.065528 0.000000
1425 99.574948 99.496124 89.216888 97.980589 0.065525 0.000000
1426 99.566579 99.786833 88.665478 98.100765 0.065520 0.000000
1427 99.557211 99.508196 85.827361 97.981160 0.065466 0.000000
1428 99.534853 99.533901 86.188779 97.795762 0.065487 0.000000
1429 99.502752 99.460478 86.131843 97.909473 0.065501 0.000000
1430 99.488388 99.407506 86.202394 97.889887 0.065506 0.000000
1431 99.470777 99.512030 91.027688 97.771422 0.065531 0.000000
1432 99.456912 99.419435 89.941579 97.891598 0.065499 0.000000
1433 99.443672 99.461046 90.843266 97.721413 0.065394 0.000000
1434 99.427434 99.470277 91.144654 97.613026 0.065441 0.000000
1435 99.375224 99.449685 88.548513 97.803368 0.065474 0.000000
1436 99.243449 99.689977 86.144839 97.452918 0.065417 0.000000
1437 99.237454 99.432785 90.019556 97.834743 0.065519 0.000000
1438 99.232707 99.535605 89.666803 97.696883 0.065478 0.000000
1439 99.219717 99.437471 87.257559 97.841398 0.065315 0.000000
1440 99.974394 99.238364 91.891005 96.163690 0.068265 0.000000
1441 99.971896 99.290342 90.877923 96.663599 0.065454 0.000000
1442 99.974394 99.218339 92.096469 96.435987 0.065452 0.000000
1443 99.974644 99.316757 71.655960 96.652380 0.065492 0.000000
1444 99.974020 99.283667 89.709505 96.408225 0.065577 0.000000
1445 99.974394 99.362487 90.476279 96.721785 0.065472 0.000000
1446 99.974270 99.304544 90.866783 96.893492 0.065528 0.000000
1447 99.974394 99.299147 90.785093 96.759435 0.065542 0.000000
1448 99.974270 99.322012 90.994269 97.084024 0.065537 0.000000
1449 99.974020 99.267193 84.722686 96.878851 0.065500 0.000000
1450 99.974270 99.286934 90.794376 97.160465 0.065514 0.000000
1451 99.974644 99.326130 85.069870 96.218454 0.065477 0.000000
1452 99.972771 99.302555 84.975802 96.406134 0.065576 0.000000
1453 99.935674 99.236518 91.300608 96.747456 0.065536 0.000000
1454 99.886961 99.344450 90.642754 96.885126 0.065517 0.000000
1455 99.886461 99.331385 90.874209 97.086876 0.065535 0.000000
1456 99.864853 99.251145 90.699070 96.593053 0.065518 0.000000
1457 99.853486 99.278271 90.238635 96.660176 0.065477 0.000000
1458 99.832127 99.357800 84.779622 96.579362 0.065524 0.000000
1459 99.812018 99.263217 91.915141 96.195255 0.065461 0.000000
1460 99.799527 99.343598 85.862637 96.186318 0.065537 0.000000
1461 99.655012 99.250719 90.403253 96.578411 0.065436 0.000000
1462 99.638899 99.309798 85.102051 96.953580 0.065527 0.000000
1463 99.623785 99.312355 82.932927 96.828080 0.065483 0.000000
1464 99.610296 99.258672 90.136522 97.379140 0.065633 0.000000
1465 99.605299 99.275288 88.838142 98.016528 0.065505 0.000000
1466 99.578320 99.275430 84.055549 97.960623 0.065448 0.000000
1467 99.559209 99.456218 88.968723 97.810784 0.065499 0.000000
1468 99.534228 99.247453 85.173839 97.633563 0.065525 0.000000
1469 99.527858 99.314769 83.941059 97.924685 0.065473 0.000000
1470 99.507499 99.325704 87.456215 98.000745 0.065497 0.000000
1471 99.495633 99.254270 84.416967 97.926016 0.065517 0.000000
1472 99.469902 99.401115 85.097719 98.413375 0.065496 0.000000
1473 99.447045 99.376262 85.737007 98.422882 0.065515 0.000000
1474 99.390962 99.310934 90.027601 97.081552 0.065537 0.000000
1475 99.378596 99.367457 83.397695 98.005119 0.065484 0.000000
1476 99.369478 99.296165 84.275247 98.495900 0.065552 0.000000
1477 99.311522 99.289632 87.537287 97.827707 0.065551 0.000000
1478 99.310398 99.233251 90.163133 98.368689 0.065477 0.000000
1479 99.301155 99.313349 84.059881 98.233491 0.065565 0.000000
1480 99.221591 99.312639 68.997314 98.127577 0.065397 0.000000
1481 99.215345 99.335787 89.336948 97.998654 0.065469 0.000000
1482 99.218468 99.277276 83.582117 98.251936 0.065442 0.000000
1483 99.196235 99.277276 91.033258 97.814207 0.065442 0.000000
1484 99.094812 99.236944 89.407498 98.443038 0.065475 0.000000
1485 99.092564 99.295029 90.951568 98.525564 0.065466 0.000000
1486 99.088691 99.248163 89.812236 98.303277 0.065493 0.000000
1487 99.085444 99.245323 89.363559 98.201546 0.065437 0.000000
1488 99.868350 99.502515 89.362940 96.236518 0.066828 0.000000
1489 99.868225 99.360640 87.937693 96.289951 0.065507 0.000000
1490 99.868350 99.396713 91.150842 96.919163 0.065480 0.000000
1491 99.868725 99.381091 90.634090 96.773316 0.065491 0.000000
1492 99.867975 99.506066 92.866337 96.792712 0.065495 0.000000
1493 99.860731 99.672083 87.562041 96.641351 0.065473 0.000000
1494 99.868350 99.385067 92.339064 96.628801 0.065495 0.000000
1495 99.867600 99.648366 91.602614 96.702960 0.065515 0.000000
1496 99.865477 99.421282 91.152080 96.487518 0.065539 0.000000
1497 99.868475 99.383647 88.296016 96.854131 0.065550 0.000000
1498 99.868600 99.384925 88.604830 96.679952 0.065541 0.000000
1499 99.868475 99.557050 87.947594 96.667782 0.065508 0.000000
1500 99.868725 99.624792 87.881995 96.518133 0.065512 0.000000
1501 99.868225 99.661716 92.155261 96.638499 0.065597 0.000000
1502 99.867975 99.546114 92.829206 96.569474 0.065597 0.000000
1503 99.868225 99.392594 91.637271 96.770654 0.065550 0.000000
1504 99.865227 99.637289 92.348966 96.308776 0.065532 0.000000
1505 99.865852 99.405944 93.492629 96.717982 0.065456 0.000000
1506 99.860980 99.629620 91.245529 96.737568 0.065558 0.000000
1507 99.859607 99.434631 92.018492 96.624237 0.065465 0.000000
1508 99.868350 99.625786 88.996571 96.689650 0.065510 0.000000
1509 99.761806 99.442726 91.571671 96.837588 0.065542 0.000000
1510 99.740697 99.408216 88.188952 96.576319 0.065451 0.000000
1511 99.719213 99.546824 92.771651 96.493033 0.065506 0.000000
1512 99.693982 99.599513 92.811258 96.454052 0.065588 0.000000
1513 99.678119 99.407932 87.782357 97.193552 0.065514 0.000000
1514 99.664629 99.573097 92.660874 96.739850 0.065505 0.000000
1515 99.646518 99.585453 92.926367 96.843292 0.065512 0.000000
1516 99.626408 99.654473 92.534626 97.070714 0.065502 0.000000
1517 99.605799 99.714688 93.043952 97.192221 0.065469 0.000000
1518 99.591060 99.631608 92.035201 96.896345 0.065505 0.000000
1519 99.574448 99.628626 90.997364 97.231392 0.065532 0.000000
1520 99.556836 99.543558 87.790403 97.415268 0.065563 0.000000
1521 99.531480 99.412192 90.307947 97.595722 0.065518 0.000000
1522 99.517241 99.406228 86.678301 97.491519 0.065486 0.000000
1523 99.507624 99.376688 91.912047 97.344152 0.065536 0.000000
1524 99.510247 99.563440 89.782531 97.752788 0.065573 0.000000
1525 99.487139 99.400547 91.775278 97.764767 0.065468 0.000000
1526 99.470777 99.551937 91.794462 97.638887 0.065500 0.000000
1527 99.448169 99.408500 91.251098 97.599716 0.065539 0.000000
1528 99.428059 99.386487 89.742923 97.829229 0.065505 0.000000
1529 99.420190 99.385493 92.800119 97.520422 0.065492 0.000000
1530 99.417442 99.568411 91.695444 97.053600 0.065512 0.000000
1531 99.400205 99.401115 91.866870 97.427248 0.065441 0.000000
1532 99.379596 99.680888 91.653980 97.400056 0.065487 0.000000
1533 99.369104 99.380807 92.662731 97.644021 0.065487 0.000000
1534 99.293536 99.624366 91.997450 97.325137 0.065453 0.000000
1535 99.291163 99.392594 91.216442 97.684143 0.065430 0.000000

